3.7805357482739721e-06 -2.1305109684755744e-08 -2.8010818184112662e-05
-6.4117603774680246e-06 -7.346992701383383e-08 -4.639067378991947e-05
-7.920310751706721e-06 -6.4100107704384568e-08 -8.7678335051262664e-07
-4.6746154166409093e-06 1.0319239214864884e-08 3.2211814253793603e-06
-1.5719941993176797e-05 -3.8866586325216057e-09 8.3422115235366918e-06
-3.1642125884138311e-06 -2.9099893066985693e-08 -4.1126805135169309e-05
1.2343311863634689e-05 -2.4034955038143547e-08 -1.0437966916762012e-05
6.7921710023011173e-07 -8.8519505247132337e-06 4.0781577505188352e-06
-4.8044742021443113e-06 -8.1882817433215273e-06 -2.4481967392173121e-06
6.316022811355044e-06 9.7332527819254337e-07 -3.8222415026463149e-05
1.2558891470601302e-05 -9.6770239600289841e-07 -6.1208929296608511e-06
-3.6664630834141326e-06 4.1915070067238911e-06 -2.6807949234005854e-05
-4.6034385505942192e-07 6.7822145273035723e-06 -1.2572163057255822e-05
-1.2991316837500204e-06 -5.7343467034249446e-08 1.2876591056268372e-06
-2.0518738887006019e-05 -4.4831181396570458e-05 6.7424092831752224e-05
7.3149351503126736e-07 8.8211522344410794e-06 4.0927107067118256e-06
-4.7713500693903448e-06 8.1735240848598107e-06 -2.4157358276058472e-06
6.368277381507009e-06 -1.0510369914642137e-06 -3.8164982075053477e-05
1.2512711350077046e-05 7.7850462224481314e-07 -6.0635090728539121e-06
-3.6521685623773113e-06 -4.2066106034499161e-06 -2.6785871845497146e-05
-4.8514388064637651e-07 -6.9455735227930138e-06 -1.2672535366837698e-05
-1.2929538428590407e-06 3.1256445674754385e-08 1.2735158233523336e-06
-2.0494477470090616e-05 4.4633165412064774e-05 6.733038376616424e-05
1.1412582233607388e-06 -4.9852568281827381e-08 1.0602308857195859e-05
6.7613950497204603e-07 3.0676298502590148e-08 -2.8696201166043822e-05
3.8571025706484949e-08 -1.9838467846356269e-09 -2.2481046218362014e-05
4.2166600929048441e-06 -1.9625182320968763e-07 -1.7621119628130968e-05
-7.597476089471044e-06 3.1887593473200733e-08 -3.5410173865816751e-05
6.5294297901460907e-07 -1.2210895945427569e-08 -1.4175320442136319e-05
5.2647893845347848e-06 -1.2506995983579267e-08 2.548053872452466e-05
4.672007681161619e-05 -1.091415514995614e-08 6.288862284638784e-05
1.8422023631180923e-05 -3.4449926032513456e-07 4.1662736056189559e-05
-1.998299043054388e-05 9.6157540466544641e-07 0.00015860366536402104
