-1.4973665000625469e-07 -1.202686660025775e-07 -3.3457507627281113e-06
-3.4668896740176541e-07 1.943567837989213e-07 -3.9580716273844921e-05
4.7300018697702794e-07 -1.9405664386865085e-07 3.7293917112971378e-05
-3.7850705661771067e-08 -1.6437420797404956e-07 5.2394254361418091e-06
5.1909677309478625e-07 -1.8225147027325396e-07 3.7319545609163169e-05
-1.2547101058341722e-07 -1.7268010118172221e-07 5.2323634128423335e-06
-3.3332544275427312e-07 2.3277638869496599e-07 -3.9522024154776438e-05
-8.0567885728591304e-07 6.0424890671031614e-07 3.7225421429278732e-05
-1.8568970374874261e-07 3.1147410344076892e-08 5.2984832738557641e-06
7.269548460039606e-07 -4.8992363310684794e-07 -3.967317369645354e-05
1.5542139606729288e-07 -1.0204761789861755e-07 -3.3496383514859673e-06
7.5788098576398807e-07 -5.2719382942235113e-07 -3.9605762528012586e-05
7.7324646183762023e-08 -9.9001496094359206e-08 -3.331778581125433e-06
-1.4816982194919975e-07 4.6548144268601394e-08 5.2797113737519663e-06
-7.737169497035179e-07 5.9989435803316053e-07 3.7228809126176911e-05
-5.8958879106674189e-07 -6.0002148102015649e-07 3.7259003641321609e-05
1.0885147710493551e-08 -3.5773269577773093e-08 5.2433795572973119e-06
4.5598156019874313e-07 4.8530678703811859e-07 -3.9462403029186504e-05
2.999163854419673e-07 1.0554093640049024e-07 -3.2752933015016417e-06
5.3813803515759132e-07 5.2524503252639662e-07 -3.9424789885992477e-05
2.2467430469189347e-07 1.0054306877685382e-07 -3.2540543696869817e-06
4.5836005236775043e-08 -4.9107808593878977e-08 5.2257698313976086e-06
-5.643169135286126e-07 -5.9919120991422034e-07 3.726402396395513e-05
-1.8275962779257249e-07 1.7848403569692417e-07 3.7566047694419756e-05
-1.7666493217632917e-07 1.7527984264367746e-07 5.3982694443663326e-06
2.4547005831590182e-07 -2.3075689310888756e-07 -3.9806968178922103e-05
3.4593901021670766e-08 1.3436061418537273e-07 -3.5268239743715957e-06
2.4885040478405556e-07 -1.8976698077472973e-07 -3.984914500440714e-05
-2.5578534026959865e-08 1.1782007270649147e-07 -3.5363444759670126e-06
-7.9868895851153976e-08 1.6665052231227173e-07 5.429247904899237e-06
-2.0800904444704424e-07 1.9171788976203932e-07 3.7502057944141694e-05
-8.1106457762176315e-08 -1.3808240517478357e-07 -3.3030309442225181e-06
