6.4651906403859997e-05 -4.9793710847956252e-05 1.4679072723747244e-05
1.3955557512813907e-05 3.2612450586765035e-05 2.1597073233958763e-06
-0.00016514754174405758 1.434534910781858e-05 -6.3583312267995185e-05
1.0351789808793477e-05 -7.6404869944202147e-06 1.2987075421487526e-05
-1.2746990244449918e-06 -1.0219409632417726e-05 2.8511556537620698e-05
-5.1143473120359752e-05 -3.9218207335009827e-06 -1.011355771184779e-05
2.1579156100882957e-05 -7.6733464211388783e-06 -1.3567638115151784e-05
-1.9757042382748807e-06 3.333347951927669e-05 -9.0132660418337784e-05
3.5816081277786948e-05 -1.5452232318424047e-05 -5.4718323602510362e-05
1.0647982220868477e-05 -1.2682873744854217e-05 1.3442925438343179e-06
-5.2035512622078221e-06 -1.3557226055308999e-05 -1.1105468647066435e-06
2.0038770927366345e-05 3.8524927973765036e-06 -8.5680815614178063e-06
-5.4127889926344434e-05 -1.3567392833018638e-05 -7.4297896435685093e-06
-1.0430943544319032e-05 1.7276948525444267e-05 -2.0239223128825191e-05
1.9559929800285099e-05 -2.2074964761721431e-05 -2.753892437595655e-05
-1.328380034564848e-05 3.1364062586365649e-05 -9.2279318793277165e-06
-2.0300945189297495e-05 1.5971145063004184e-05 -2.2865564880523598e-05
-1.0214619645576446e-05 -1.2572140855725278e-05 -6.4962576977160733e-06
-1.9587425007190629e-05 -2.0498514109305453e-05 -3.3452322206214621e-05
-1.1773414823529121e-05 6.6474129601819254e-06 -1.5360413758238624e-05
8.19917283301436e-06 7.3958371141907842e-07 -2.6132709446180513e-05
-4.2983248369488081e-06 3.3307252404912724e-05 -5.5238788695170861e-05
-3.6220887864062655e-05 -1.8789262045626476e-05 -6.1469712644061578e-05
-1.4589683849913077e-05 -1.0517217461813999e-05 -2.847117599812099e-06
-1.048817958557649e-05 -1.6757835107189837e-05 -2.6925552971940228e-05
-1.5889936109778069e-05 2.5419374051697651e-05 -2.0528408468583302e-05
1.8830195535614407e-05 1.8729965788873994e-05 -3.6261875309938352e-05
7.1415441300209936e-07 2.8451722359823517e-05 7.8785979394993544e-07
-1.1632422938643444e-05 -7.1822523645195813e-06 -6.5264251068019447e-06
-2.3117446677003994e-06 -2.4474685180304336e-05 -3.5465807395530791e-05
-2.4453846568870362e-05 9.9004710628625148e-06 -6.4271386420421128e-05
1.6070111185441307e-05 2.6681317519591306e-05 -2.641595761091417e-05
5.9118944889276345e-06 3.0060456138708558e-05 -1.5181510524002375e-05
1.7390473055859182e-05 3.1475946509353092e-05 -5.6760629455046956e-05
-1.2475306169785669e-05 -7.4046007032769687e-06 -1.7103682500318497e-05
5.5621965185545306e-06 -4.0317974673680328e-06 -3.9498640515223427e-05
-2.0729798666176309e-06 9.9904688789069235e-06 -2.7707556301093377e-05
-5.6720083319282362e-06 5.147059956066573e-05 -1.3079556812765632e-05
2.8715327960626117e-05 1.5432434895412336e-05 -1.4522391943389188e-05
-4.0588940871051159e-05 2.3974993335462073e-05 -6.7316232085647132e-05
4.6458795733361884e-06 -1.4533338117440897e-06 -1.4112584744892138e-05
7.3136832173129257e-06 -3.2249929193123306e-07 -4.2014446648004648e-05
1.3187470276414606e-05 2.7456782278820202e-06 -3.8627433864971139e-05
2.2501924499936096e-06 1.4426565720191196e-05 -1.2084670362606803e-05
-1.0863018977739364e-05 7.8691931806769422e-06 -4.2420693191991266e-05
-8.7839893675192805e-06 -2.2784993610643935e-05 -2.0375013524503993e-05
-2.0960996978077947e-05 -7.3877648606999243e-06 -6.5891272303907067e-06
-2.9859170808225284e-05 -1.0605642547984557e-05 -3.8855564506667939e-05
-1.5368337317305787e-05 2.2073875997450844e-05 -7.0388868203362614e-05
-2.6996924406627251e-05 3.388247830451302e-05 -5.2360390648152275e-05
-1.9423099785813676e-05 -1.5536722651976476e-05 -6.6937142351998705e-05
-2.6081878630966116e-05 -2.0968749639476911e-06 -1.8598050261989236e-05
-1.4721396710956613e-05 -2.1240664599436583e-05 -1.7712400681486819e-05
-3.6260633419321099e-05 4.1078328155113491e-05 -7.7969092161620998e-05
2.4959644138622394e-05 9.6129409107303943e-06 -3.6242236729442455e-05
4.8511659181101952e-06 2.1939063854546767e-05 -1.4956942770336398e-05
-3.1556151723861198e-05 -3.6859815651119759e-06 1.5863219901893211e-06
-9.2549248623154112e-06 -2.0161672572434688e-05 -4.8093232655619517e-05
-1.1722801856506281e-05 2.3934862957569747e-05 -1.6994922964751657e-05
9.0619687319144424e-06 6.8939118807707662e-06 -3.1678638254900582e-05
-6.5096466386090068e-06 4.8864609092334754e-06 -5.7701470253940235e-07
3.3883366255812314e-05 5.5789829932845203e-05 -7.2480684970521042e-05
-3.7291034985585669e-05 -9.4965464525770954e-06 -3.9020055173684919e-05
-3.6215834561389645e-06 -1.3692278444070796e-05 -5.5576193239249144e-05
1.3945984694556379e-05 7.7583860473920407e-07 -6.0373930147149257e-06
-1.0083131459863101e-05 2.79498296793107e-05 -2.3317206581042332e-05
2.5859953752298964e-05 1.1488545250903925e-05 -1.5107327307126162e-06
-3.3699075643845744e-05 6.1822781701339257e-05 -5.2777792891182981e-05
1.483451838741115e-05 -2.0961072652272983e-05 2.4208304941607944e-05
1.5341487219937021e-06 -1.3839229879928326e-05 -4.3220395253162112e-05
1.3066691136888476e-06 2.8966023686981257e-05 2.8709785478615906e-05
8.1890950252357098e-05 -6.3213387977763963e-05 -6.9846195878228712e-05
-2.4193672420166901e-05 -2.2612482318395272e-06 -1.3220223297504062e-06
2.7771058604766658e-05 -4.0122664546063116e-05 3.4819662084739633e-06
-5.5841327062409324e-05 -4.6113198465791948e-06 -1.0005947976281238e-05
-2.6242353649865804e-05 -3.9141062835344916e-05 -6.285829866808923e-06
-9.9611825601842499e-06 2.1796575366481163e-05 5.5111551647071821e-06
-7.9874623735709527e-06 3.5855948678166841e-05 5.0260903504037445e-05
3.1308754833134222e-05 -5.3461612515876e-05 2.2343061892327607e-05
-1.4463958420757837e-05 1.7243068245480567e-05 1.153840798254202e-08
-2.414523871531243e-05 -3.8054146247524546e-06 1.534342885081049e-05
2.4474281833109391e-05 -2.1313836424699485e-06 2.771807269303457e-05
1.930095308074007e-05 -2.0256417021972256e-05 -6.9258587333283195e-06
3.0553427042816911e-07 -4.8859598671402438e-05 4.195519204740451e-05
-2.1964614047067718e-05 -3.2102659465321759e-06 -4.2523495563634439e-05
-4.664848029920166e-06 4.7796792447384745e-06 2.9492284733057331e-05
-1.0274418477687619e-05 -3.9957651407504513e-05 2.6206949705620541e-05
-6.7943856139132675e-06 2.535250658150523e-05 -5.4991224085962354e-05
4.7652857366765715e-05 -5.1698923993148682e-05 -1.3951776759002499e-05
1.1105764719313016e-06 -1.6604611644138907e-05 1.3498018434299902e-05
-2.0654627728676489e-06 -1.1021413137833787e-06 -4.0880695183210072e-05
1.8554133855744684e-05 -7.8066071863801267e-06 -9.9206980273686129e-06
1.0659660253299619e-05 -7.890595845116608e-06 -2.5643478220229582e-05
-7.1452827296514856e-06 7.4490671591043167e-06 -3.8479426243471788e-05
1.6546486002623068e-05 -1.7195128082421216e-05 6.9436873790136577e-06
2.2378272811846547e-05 1.3216757351692346e-05 -4.8423680421384729e-05
-3.1789357738398749e-06 -4.0630084279097423e-06 -2.0244765440197328e-05
1.5301102133164232e-05 -4.5190666049232897e-06 1.3263837961539904e-06
1.4227692848676338e-05 7.7537757817679187e-06 -4.4558694345022826e-05
-2.4944731961198952e-06 -1.8116517685098227e-06 -5.4821164179276981e-05
2.2816586424249756e-05 -9.9749768356941979e-06 -6.3933684418742573e-06
-1.455170797748373e-05 2.0182082549141667e-05 -4.201123374713428e-05
3.9682801293502989e-06 -8.3516265324615202e-06 -2.896792926662152e-05
1.3002754978508444e-05 -1.8611446579908444e-05 -2.5848419205401485e-06
-3.6638036122332851e-08 7.3675494733863728e-06 -4.7628097305192758e-05
-2.1880734281483192e-05 -5.2107128136635492e-06 -3.3114989137500092e-05
1.7346759894721481e-05 -5.0463103363450335e-06 4.3249377305427958e-06
-4.7207819072608848e-06 -8.08353312001589e-06 -3.9747372258303743e-05
-2.5244661507727723e-06 2.7224879715036232e-06 -3.1597415518617306e-05
2.0638520505010527e-05 4.4134131363757906e-06 3.4216264682973563e-06
1.0707561298339829e-05 3.542987354719293e-06 -2.8758018195500917e-05
3.0511303774148624e-05 -3.4677271044999264e-06 -6.4806584543081192e-06
9.4342216054865702e-06 3.0150318881538851e-06 1.031056168079858e-05
1.9979644979394376e-05 -2.6094237921200913e-06 -1.034273870485769e-06
7.0506082931742764e-07 3.9363182717695733e-06 -2.699248442626645e-05
3.2493893609321314e-05 -2.8567572211531778e-05 -1.5306101926432225e-05
-2.3358897592423364e-05 2.8337446278170475e-05 -3.8957072520523495e-05
1.5253221906082012e-05 1.8774981181447194e-05 1.4349409082736742e-05
-1.592051798959826e-05 1.2858877990136464e-05 1.0276200382658418e-05
3.7217362893379646e-06 -1.7693268840941745e-05 8.5681222117273137e-08
-3.0559806053615662e-05 -9.3431584700862103e-06 9.9787715438920399e-06
8.6454755125284916e-06 -2.4707841487871252e-05 -1.818955826937349e-05
4.8627730380168543e-06 2.6371526572090478e-05 -7.1254767547422083e-06
-2.7776809163534977e-06 7.773194279765e-06 2.3153994234310915e-06
4.310816102415238e-07 -1.4669993172455875e-05 1.0664566220119909e-05
-1.5372967232834863e-05 3.6992347409915534e-05 3.7900242382149507e-05
1.1193912672289072e-05 -4.0009695337860345e-06 6.2338896002209763e-05
-1.1984778162239113e-05 -9.9710992966274559e-06 4.7427679185974014e-05
-1.4753427551470952e-08 2.2979295178566714e-05 5.4817842073395795e-05
7.8651799867652042e-06 -1.2798114222573737e-06 6.4351027425951898e-05
-2.7537699432582385e-05 7.3553637110377549e-06 4.949910548251806e-05
-7.8812658868370172e-07 1.3538278332957815e-06 3.343827942544448e-05
-7.3872507175471759e-06 3.8507197575540254e-06 4.4262444464437251e-05
-2.858710667388506e-05 2.547668058331537e-05 4.5913038777130398e-05
1.3239640480168318e-06 3.5764271525823288e-06 7.7950223929800318e-05
-1.7948135459349844e-05 -7.53831520285261e-06 6.2273340235935784e-05
2.0918849426898589e-05 2.2348320615497852e-05 5.4004367032816324e-05
3.4601857077922946e-06 -5.2011709691197547e-06 7.0200717239629097e-05
-1.5245189719654585e-05 1.4154281045053929e-05 5.5158892337777918e-05
-1.2464519524433464e-05 3.7666002194742653e-06 3.6338019473751079e-05
9.3240761431166025e-05 -1.1415186133980487e-05 -8.5526016034093155e-05
-0.00012878530082012507 -1.4810302313338075e-05 -0.00015465891353688352
1.8701731360482032e-06 2.7990013410833514e-05 -2.6050054923714566e-05
2.6278373171513464e-05 -4.3801188911495384e-05 -5.1782709617801992e-05
3.0176832989031732e-05 1.1472249352995068e-06 -1.1166634289772569e-05
1.2674699395354844e-05 1.6306730279941339e-05 -5.5351742978299034e-05
3.4960438331635424e-05 -1.9961296188652361e-05 -3.3032626551077193e-05
-3.2503274608627203e-05 4.32700990868354e-05 -2.2301129979362955e-05
2.5773511230786639e-07 -2.7689243967093935e-05 -3.3270866314101969e-05
7.6735990423089546e-06 9.5497527392571831e-06 -2.1409751325174463e-05
-4.2227840589773719e-05 -1.9001785625067215e-05 -1.660300096101297e-05
6.7802201642076787e-06 8.8450955070627085e-06 -4.7680654093934863e-05
4.325686111332494e-05 -2.6304241132549255e-05 -1.8653209176711094e-05
-1.0538344572014191e-05 3.0753834499894217e-05 -3.0047529251953087e-06
-8.3708089071224401e-06 -1.9817434818172885e-05 4.4394340870806959e-06
-6.8358790670797198e-06 -1.6506839234969178e-05 5.0272253524462351e-06
1.0688501839196843e-05 -4.857545929747996e-05 -2.4976623637448536e-05
7.0170642955950033e-06 1.3523257240338925e-05 2.0288763367147522e-05
-1.7712389808424711e-05 -1.9797030297544205e-05 1.7518183019885059e-05
2.7223836941258241e-07 -4.6495451551323054e-06 6.5166273361975599e-06
3.3980668059135216e-05 -2.2733613030574695e-05 1.8235192701387959e-05
-3.0664857757052733e-05 3.7111732903219479e-06 -1.0468946137316011e-05
-9.841720763889561e-06 4.7951929693090811e-06 -1.5299776780747232e-05
4.6916224021986003e-06 -2.5429753356759344e-05 -9.2835880584341002e-07
2.7153644404422766e-06 7.5905389054743092e-07 -3.7847455174725526e-05
-2.5513402411858621e-05 -1.7948755863736454e-05 -9.6197130454722668e-06
3.6631420838040274e-05 -1.9634169108599664e-05 -9.4985733015610632e-06
-2.0479923926550181e-05 1.8640488765042651e-07 -1.0039246479174686e-05
2.2014458429916312e-05 -2.2253083415448016e-06 -1.2476957429927854e-05
5.9785479354437618e-06 1.7168292984186956e-06 3.3621530873800657e-06
-1.2689213562863764e-05 -2.1177991164315977e-05 1.464248754479446e-05
2.4496654708437357e-05 6.4337050667412354e-06 4.3978238048872353e-05
1.0912588300909798e-05 -4.1687659192487375e-06 -7.5848936014061286e-06
-7.4969426109017245e-06 -1.4449860163030792e-05 1.0410294048766866e-05
2.5343132918992373e-05 5.101172272384269e-06 -2.2736263172312698e-06
2.2408192827019779e-05 -2.237272264032919e-05 -1.173076866436279e-05
1.4416998616084524e-05 1.7467640702359399e-05 -4.4962259332370635e-08
1.5266086632679399e-05 -1.445211783020206e-05 4.0664980566123574e-05
-1.9967906430599924e-05 -1.4816017042257323e-05 2.3312762659682962e-05
3.9134950117897249e-06 1.0252772864871584e-05 1.3949841634809668e-05
1.5420503657066982e-05 8.2959759169545165e-07 2.0733512969763231e-05
-1.0328603325393537e-06 -5.9783048673711647e-06 2.9758207434140566e-05
-2.0629396680835188e-06 -7.6805357652198758e-06 2.3566548151748856e-05
-4.77180241020142e-06 1.1479437761335864e-06 -8.1954808089229614e-07
1.5977734333941229e-05 -7.6033160317373616e-06 -1.1404625493118686e-05
2.3536453710398051e-05 -2.5247025833664984e-05 1.8750137412782753e-05
-1.3436919112999601e-05 -1.2509611540420691e-05 -3.3067142683196327e-06
1.2749432504283065e-05 -5.3417565502866804e-07 2.3346753835221286e-05
1.5006388990860327e-05 -1.358068768500582e-05 1.5472466856153064e-05
-8.1627165905302503e-06 -3.3609549007142512e-06 1.266503531902486e-05
6.4589317593047673e-06 -4.3131721926329356e-06 1.8538473138602026e-05
-1.2337511346785512e-06 1.3010787043725262e-05 7.668567662821868e-06
-3.9183645978673895e-06 -1.3694467665359422e-05 1.1540482298387847e-05
-1.6712351265865677e-06 4.470287698468689e-06 1.9984606159057637e-05
7.1649501993762549e-06 1.1476985469854872e-05 2.7765434277734341e-05
1.0641943891444668e-05 -2.1652083417454844e-06 2.6090743563402137e-05
1.3249489837115214e-06 1.244969260023876e-06 1.3329243267551361e-05
-7.7996230306177171e-06 1.5576887427847571e-05 -8.1242560017527068e-06
2.6079899520786886e-05 -4.0786058331169876e-06 1.1059097914350941e-05
7.0269081646062714e-06 -7.7904753168211993e-06 -6.7404459424824648e-06
-4.0058388090780942e-06 1.1596706047686627e-06 9.7014467597230247e-06
1.0705978433483716e-05 1.45652142906259e-05 2.6509795695989213e-05
4.6782029355235677e-06 2.1148313287977505e-05 3.4168464621332079e-05
-5.4342199933207769e-06 -1.0086971051623955e-05 3.4089215961196143e-05
-5.3797222745038953e-06 7.9851857120866176e-06 1.9224953445442367e-05
-4.2763337987578379e-06 2.4852844147457134e-05 7.5792370634232095e-06
2.3597794946039752e-05 -1.1408138746005214e-05 4.687052450261936e-05
9.1348293707075357e-06 -3.0813579352873426e-06 9.2287160132086274e-06
9.669789807417728e-06 -8.4047134069203944e-06 -6.6489129050620321e-06
2.0303023816194837e-05 -1.025992509982171e-05 -1.6631387019218347e-05
1.1453353416873702e-05 1.9125723970420117e-05 1.6949001022829868e-05
-4.3124830135139736e-06 -8.7123902455660263e-06 1.1240974882181354e-05
1.5539142092763081e-05 -9.3807690970375973e-06 2.2203950836588437e-05
9.9002287961003077e-06 2.0497505551086634e-05 2.4168738851776395e-05
1.7209494200809416e-06 -9.8855884392012872e-06 3.5776682446350683e-05
6.7934475996844158e-06 -2.1370498368979745e-05 1.2422060316374939e-05
2.1104861142741405e-05 -3.4847789751671354e-06 8.6774781161702563e-06
2.0040380404675456e-05 8.353167155958352e-07 3.3378943226955449e-05
-1.5205924731550535e-05 -2.9804151096823883e-06 2.2872234547374748e-05
6.4828285375739814e-06 -1.2440946803082831e-05 2.3181217542730947e-05
5.7664396828049991e-06 1.2381045785127536e-05 1.2885590273500891e-05
-2.2361926117995916e-05 -9.7966274113028828e-06 7.5266929835532403e-06
2.0106150887478497e-05 -6.322491933337393e-06 -1.7329405952837273e-05
3.8967112013857242e-06 -1.2073412509625014e-05 -2.1679108811456516e-06
4.886599740155928e-06 2.3657221291384367e-06 9.7830505534635126e-06
2.6734032777489536e-05 -2.0707964304755855e-05 4.8983184836953741e-05
-3.7215194528553153e-05 -2.7256592788904577e-06 4.6856090583385533e-06
-8.5083376788822052e-06 1.7362719309854668e-05 1.956411617999327e-05
4.7956047204318619e-07 9.7256111116494903e-06 3.273212822711008e-05
-9.8544163927918871e-06 -6.2345652627887604e-06 3.5853366724973058e-05
-7.8533534887918969e-06 -1.0650568758297527e-05 2.540829293841075e-05
1.6686935993895369e-06 1.1871463648227554e-07 -5.013593837810415e-06
1.5333997765945573e-05 5.1650046378887149e-06 -1.8333880047453899e-05
3.5159050176258866e-06 -1.6093534593482339e-05 1.8934576969664718e-06
-1.0833519421798998e-05 4.0644458678320422e-06 -8.320524813067165e-07
1.7613944959474909e-06 3.8721754273968179e-06 2.322283970113137e-05
-3.6726539742598652e-06 -1.3689057465030019e-05 1.8236157035472766e-05
-2.7358244781176558e-05 -5.139100142141781e-06 2.207853021581746e-05
5.6705791831521135e-06 1.3743814872076154e-05 4.2360962879753328e-05
6.0261571846846607e-06 1.3150939686044222e-05 2.0827337240875154e-05
-6.5454616707961554e-06 -6.4312480526202125e-06 1.1374710785804322e-05
-2.5670331716479144e-06 -5.5442605860489547e-08 1.8315249232014885e-05
6.7767479245139928e-06 1.1393498702458836e-05 2.9085959133534622e-05
2.6933638895346168e-05 -2.0119781450543897e-05 3.4652287623414268e-05
1.047043055316688e-05 -2.5539549278622576e-06 2.4727303088584174e-06
-4.3569363509382564e-07 2.3833013960417038e-05 -9.4905256832061857e-06
3.0401232625524958e-05 -3.386651184285772e-06 2.6968227409922568e-05
1.1276489631114467e-05 -6.3245637057975784e-06 -3.9730561525661012e-06
-9.9132393518905462e-06 -2.7837655437387698e-06 8.601011138684167e-06
8.8715139752448824e-06 1.4354377162351106e-05 2.5628070201065466e-05
9.8605116319587746e-06 2.8265992159048903e-05 4.8501804503544676e-05
1.0423328601905091e-06 -3.9995264706632616e-06 2.946863706870459e-05
-9.6250077654819188e-06 1.138193672663157e-05 2.016896915071377e-05
8.2841936400179783e-06 2.769943953337406e-05 3.310707134068086e-05
2.0754073467077472e-05 -4.2399985972219056e-07 3.4769298892873646e-05
-1.2545168947511454e-05 -2.1462220148798367e-05 1.8492018530276433e-05
1.1523524923089524e-05 -5.2474846859645126e-06 -4.6234008253542846e-06
1.0550117778713634e-05 -1.8927380418379269e-05 1.6740786995816936e-05
1.5355750186629713e-05 3.9595878791431893e-05 4.0203780666714373e-05
-1.3830104438929125e-06 -6.4507878666519858e-07 1.6277300725980881e-05
4.5066656676195915e-06 -1.4336578130960849e-05 4.0848510313655061e-05
2.0370236645837064e-05 1.3027141724808629e-05 2.5292949586142033e-05
1.9239075765332491e-05 -7.8454520150323429e-06 2.7438106279182073e-05
-1.9995529598687794e-05 1.375448617219055e-05 2.2938296142763215e-05
1.925119985972043e-05 4.8766748128210857e-06 1.4903774281246895e-05
-3.8613819016708462e-06 1.4319685600630572e-05 2.2835913545106445e-05
-3.6451236489844791e-05 2.4427982432362809e-06 2.9581360744491408e-06
5.4707070590076512e-05 -1.6672233280702609e-05 -1.7211519592483238e-05
-3.2010473643223018e-06 5.2484351299962652e-05 7.537060151838193e-05
2.7878895340667855e-06 -1.1045152528020921e-05 2.6642379752722656e-05
2.5395019021254295e-05 -8.5819266049461107e-06 1.3218482641255691e-05
-2.0805635995907457e-05 -4.6932704887113486e-06 6.7002647102534785e-05
6.722759272048684e-06 -1.3093674406897127e-05 3.3742169180686621e-05
-1.599605227117773e-05 -2.5587490860623507e-05 3.0831058386998622e-05
4.6108480637879756e-06 6.8914307485012927e-06 7.2448228365108543e-05
-6.6858948803225009e-06 -1.5571877453171568e-05 -1.5184847765227494e-05
-2.8364907864127098e-05 5.9037476261916688e-05 0.00014378726113313534
-2.4263522061680406e-05 -4.889059525065324e-06 4.5061060871035528e-05
4.6440262113401821e-05 -6.1181148234671251e-06 1.1695343204635653e-05
-1.1653638400194177e-05 5.0365453071875288e-05 1.8036974702054231e-05
8.4439065029667804e-07 -6.1768814790502669e-05 5.0950060198812208e-05
-3.0541613133296485e-05 2.3803611262767327e-05 1.5125908552765521e-06
-3.8947071547751344e-05 -6.2050379433659097e-06 1.6645397143744134e-05
4.6266722212244138e-06 1.2941599775932384e-05 1.4523700937881003e-05
-1.2798150538013975e-05 -2.8696142164441607e-06 4.8134512717575343e-06
-9.5730795138538325e-06 -1.0369980586613273e-05 2.7092577838776222e-06
-9.1741185789681601e-05 -5.9326033721718296e-07 0.00011287294071632425
6.7024656713335351e-05 -1.7461048676267743e-05 8.1226605649513395e-05
