3.9789043939371382e-05 -2.301413000397462e-05 1.903525143864826e-05
-1.6423585067804644e-05 9.4742774430370616e-06 9.0771554499269325e-06
-9.0977744239984643e-07 7.3574984427258322e-07 -2.4971287596729785e-05
-1.6479350032290766e-05 9.5140709239468005e-06 8.7566431999572258e-06
-1.5339822708923512e-06 6.6748039038999618e-07 -2.4948994604007124e-05
4.0084055198549851e-05 -2.3222995875205044e-05 1.9035574176817782e-05
-1.6482435492118559e-05 9.5332951050453724e-06 9.6741889356044553e-06
-2.9447519804453107e-06 1.1543520681200556e-06 -2.4732717256108205e-05
4.1065817548868733e-05 -2.3179880453638724e-05 1.9227006402722235e-05
-1.6457129994688837e-05 9.4832653933759128e-06 9.8628376823534092e-06
-2.3396196499850968e-06 1.8229619593891633e-06 -2.4472848895548682e-05
4.068407654356232e-05 -2.3982834058355884e-05 1.9160952898167327e-05
-4.679762635126383e-06 2.6044823977638965e-06 -3.7058500001130312e-05
7.3890786802596341e-06 -8.7882884817457865e-06 -5.4491042471599416e-05
-1.8877323744428444e-05 1.085903945962155e-05 9.5441332830556447e-05
-1.8550727950876163e-05 1.084573324930567e-05 9.5449643645918736e-05
-4.5976757150102687e-06 2.7621953720552428e-06 -3.5563810329097834e-05
1.8223373479822798e-05 -6.0141253847575222e-06 -5.422940122976061e-05
-4.3966514993512562e-06 2.4925352856627891e-06 -3.3398063106204745e-05
-5.4075634509635236e-06 1.113517164119367e-05 -5.5162018576498939e-05
-1.9087880918372091e-05 1.1372650779595955e-05 9.5186806985406158e-05
-4.4608327471027417e-06 2.5799568397349981e-06 -3.4141365130135881e-05
-1.6389527563835128e-05 1.4903919719599229e-06 -5.5327370359542494e-05
-1.9473049967025521e-05 1.0912950952244108e-05 9.5255850635300732e-05
