1.1818125252166523e-06 1.5363274439412176e-08 -2.4762978674004038e-05
-1.9575466959471065e-06 -2.0492244404979456e-08 -6.2502232881497919e-05
-2.4161141436659667e-05 -5.4400219776790104e-08 -7.2171513978635474e-06
-9.6827952359955505e-06 -6.2099238286317249e-09 -2.0762720338032836e-05
-2.1311258036605198e-05 -9.4137730002712139e-09 8.0471117280089648e-06
-3.1722879738650938e-06 1.3081291784652286e-08 -9.6190175919295962e-05
1.1898644715454296e-05 -9.0503664553956133e-09 2.2654894213207919e-05
-1.9902784919336586e-05 -1.3108526176502065e-05 -1.5924079569719796e-05
-1.3536995332486977e-05 -6.4409254477511735e-06 1.8706688841900465e-05
2.3041847163900349e-05 1.0633276967858009e-05 -2.3041899737927078e-05
1.4284776764696334e-05 2.6076931349561802e-06 2.2899854194853575e-05
1.2681094322703357e-06 6.7703883687849579e-06 -1.2603647656800072e-05
1.2185396924841579e-06 4.7017378867796945e-06 1.7692991797756477e-05
9.0899923349636522e-06 -3.3888417959791165e-06 1.6592715054566942e-05
2.1925206954362397e-06 -3.4848208528859628e-05 3.5697376650978751e-05
-1.9870397314762644e-05 1.3088641069237917e-05 -1.5942625723847645e-05
-1.3533198083200918e-05 6.4389914185276724e-06 1.8661896720506554e-05
2.3072316785850548e-05 -1.0684961241422242e-05 -2.3001674997651014e-05
1.4185358048252289e-05 -2.7394987011267018e-06 2.303451404535653e-05
1.2413850970004008e-06 -6.779612146577674e-06 -1.2577908065421629e-05
1.1274266857441012e-06 -4.8076983094370862e-06 1.7549427463115636e-05
9.1092278661553984e-06 3.3555731082032803e-06 1.6616139272257469e-05
2.2597642250661576e-06 3.4681211701301402e-05 3.5476369527085794e-05
2.9577257088912907e-05 -1.6648552595560639e-08 -2.0158619491678163e-06
-6.8210746826345963e-06 1.9867635934860128e-09 -3.8643213849345881e-05
-8.1414643380273675e-06 -9.7890865828585152e-09 -5.5919426102026687e-06
1.9947313035684373e-06 -2.3214470308422549e-07 -1.4065650543116509e-05
-2.8758334736945883e-05 -9.1815747892967718e-09 -1.8142915416285814e-05
-3.7513478948515699e-06 -6.9166544179111774e-09 9.6221391054363004e-06
1.2168699536730526e-05 4.2230864742698326e-09 6.5940716301754465e-05
8.415213863773377e-06 -1.9617859864373699e-08 3.5668634305839608e-05
3.0149866438340493e-05 -4.9525486545099699e-07 -1.3651761712630411e-06
-1.7857702580484271e-05 8.3721760407096624e-07 5.9219322184972389e-05
