6.4187491076173053e-05 -3.742811302170912e-05 0.00016322225945342161
6.3958596233815168e-05 -3.7289779728832961e-05 0.00016311953742650931
6.4056411538004898e-05 -3.7310362635767369e-05 0.00016325103759468051
6.4200683039160322e-05 -3.7389212989458187e-05 0.0001629887103152261
-2.4242930788560975e-05 1.3482206380952141e-05 -2.1944952566244069e-05
-2.4850395335660619e-05 1.4396394074855934e-05 -2.2147055279829464e-05
-2.4662650322693214e-05 1.4004763963570976e-05 -2.198599821778835e-05
-2.3965930541740375e-05 1.4200642854289569e-05 -2.1997562795986192e-05
3.0976613974122895e-06 -1.1188118849381158e-06 2.3263910201062887e-05
4.3886319336023153e-06 -1.1634206135899532e-06 2.0929514826101281e-05
4.3279572533503046e-06 -2.0422872853632012e-06 2.303288976029938e-05
2.9888379019030187e-06 -5.7468375525004944e-07 2.2801374884237613e-05
-2.5542840312392485e-05 1.4933162801646581e-05 -2.3358724705969947e-05
-2.4868830671655098e-05 1.44858600950315e-05 -2.3029461624579639e-05
-2.5031519176366596e-05 1.4421701138573337e-05 -2.3320239784990759e-05
-2.5710204149954641e-05 1.4786041704961672e-05 -2.3171178141864757e-05
2.1640126348058009e-06 -3.1094267527066862e-06 2.2096713697961068e-05
9.1288976357520356e-07 -1.1684658951220282e-06 2.4571037060029666e-05
1.4818913453562566e-06 -2.0620396271459063e-06 2.3476451583424873e-05
2.7355196606915601e-06 -1.5726918989469136e-06 2.3452881220742405e-05
6.453593486233089e-05 -3.7121922195293422e-05 0.00016161388369742569
6.4737768356056338e-05 -3.7172563102816358e-05 0.00016155294513495178
6.4776510380691599e-05 -3.7155836399183073e-05 0.0001615578631490866
6.4610468033825773e-05 -3.7008548257732449e-05 0.00016170869357712281
-2.484598333487892e-05 1.4552348509600009e-05 -2.0441889852090833e-05
-2.4639473247378696e-05 1.5045579851546975e-05 -2.0939866902880411e-05
-2.4822532685456021e-05 1.4358096634619916e-05 -2.0815968833430565e-05
-2.5073113449129616e-05 1.4996634929980096e-05 -2.0541312239295839e-05
-2.2628846589100378e-06 -8.1766392220309226e-07 2.3836340590978333e-05
-3.7527854909663388e-06 7.3479065555823349e-07 2.1045855087983845e-05
-3.3512426238779813e-06 3.9049720619577233e-07 2.2262652946872241e-05
-1.7663244599869232e-06 1.7297618978839857e-07 2.2403503759343968e-05
6.7579993260371424e-05 -3.8647578955885997e-05 0.00016332294177065498
6.7465785618218976e-05 -3.8495741421007423e-05 0.0001632904440684313
6.7504725142750448e-05 -3.8517412187910605e-05 0.00016348446432890018
6.7708964055761094e-05 -3.8590908140458797e-05 0.00016317577848723452
-2.5406403143257716e-05 1.4303641662489542e-05 -2.0024736531870646e-05
-2.51960034994184e-05 1.4027763919066683e-05 -2.0227240088648013e-05
-2.5030968439963337e-05 1.4206527777661532e-05 -2.0429196045931852e-05
-2.5193340482781794e-05 1.4299432741560203e-05 -1.9779404744041384e-05
7.6121050515779451e-08 8.4860239866731482e-07 2.2500364442262777e-05
-1.404883294038161e-06 2.9612672381865504e-06 2.2190321305529115e-05
-1.5982740297096299e-06 1.7247868857987476e-06 2.1510362389356996e-05
-6.7408739659331317e-08 2.116963821969099e-06 2.4418850187876706e-05
6.7060407476171591e-05 -3.9160969907026111e-05 0.00016322332800852712
6.6893692932648921e-05 -3.9029695288634279e-05 0.00016343192341597423
6.6936501403019877e-05 -3.9044654214753782e-05 0.00016332364089766127
6.7088293207451244e-05 -3.9072199333523017e-05 0.00016325043059012279
-3.9625831036647322e-06 2.2313888965574263e-06 -2.3738158457575764e-05
-2.4511099995993754e-06 2.0725006980581995e-06 -2.4670582433702903e-05
-2.6815040000211171e-06 1.11838894262153e-06 -2.2957601212958423e-05
-4.2667613649531285e-06 2.8009780686788499e-06 -2.456893462255208e-05
7.7961364313967971e-06 -1.8342034277646444e-05 -1.832089460521158e-05
5.9344577679754096e-06 -1.711285729281975e-05 -2.0261238634855516e-05
6.7235798196723062e-06 -1.6849371347127487e-05 -1.9306096391225047e-05
8.5860796891307439e-06 -1.7778559493842008e-05 -1.9828845700370357e-05
-2.6176518708795929e-05 1.4499538648607879e-05 -8.7134190670787315e-05
-2.6328219019720298e-05 1.4816180747092059e-05 -8.8081060340881867e-05
-2.6166540704904102e-05 1.4766890858290823e-05 -8.763685551328726e-05
-2.596293210442791e-05 1.4845220772653832e-05 -8.7270241438758278e-05
-2.566944499305529e-05 1.5106460134216293e-05 -8.5527655329070695e-05
-2.5491410761455113e-05 1.5373030564570789e-05 -8.5477021648773521e-05
-2.5694527807207379e-05 1.5007400794297965e-05 -8.4921264730225543e-05
-2.5747181732139329e-05 1.5422117560649762e-05 -8.6090308612007949e-05
-2.6476953213283908e-06 8.2424364028846342e-07 -1.9967054567970877e-05
-4.2433416157519285e-06 2.3651325575801962e-06 -2.0108012333430736e-05
-3.8432187010722907e-06 2.0529232500630977e-06 -1.9927163398519854e-05
-2.2560948059425156e-06 1.7740789192144391e-06 -1.9542742255129752e-05
3.7517276514251885e-05 -8.5055311994490252e-06 -2.0683104339946912e-05
3.938888504870057e-05 -9.4327613873977645e-06 -1.882878626202622e-05
3.9431507271957007e-05 -9.4873557739795847e-06 -2.0504110428809508e-05
3.7553472609465951e-05 -8.2588680657600354e-06 -1.9790576476080846e-05
-3.4655209495619392e-06 1.6367787805742721e-06 -1.2858716866848141e-05
-2.9033020345078735e-06 2.0058216297358378e-06 -1.5696464244898539e-05
-2.408414245244953e-06 1.3928946327888738e-06 -1.4077348575280979e-05
-2.9388001087817103e-06 2.5314909455065315e-06 -1.3795434180251254e-05
-2.5020916505508978e-05 3.7674205147701715e-05 -1.9217612865274347e-05
-2.6868145820464049e-05 3.8876000066495175e-05 -1.9674310672040951e-05
-2.6777506744734897e-05 3.8738480478816423e-05 -1.8652278694519797e-05
-2.4916048137590217e-05 3.7782891258029278e-05 -2.0799551936484528e-05
-2.7927484704154138e-05 1.6850097064483841e-05 -8.5631237506475499e-05
-2.7528077746641344e-05 1.6877331593861955e-05 -8.6231968695484051e-05
-2.758902193709378e-05 1.6548645623855828e-05 -8.5912483925372485e-05
-2.8049293050669277e-05 1.6962693743960422e-05 -8.5955627280816238e-05
-3.1546917538097284e-06 1.4039903024556802e-06 -1.5936068410660198e-05
-2.5973609836710851e-06 1.7139828267787038e-06 -1.7410310839682808e-05
-2.7274035560306093e-06 1.0945072336065575e-06 -1.7240200134438499e-05
-3.3214819396256627e-06 1.9355023205269717e-06 -1.5499119977224751e-05
-5.739709687990459e-05 9.2861208897051801e-06 -2.0674771908119061e-05
-5.9220935157607674e-05 1.0483084971142909e-05 -1.85670286833306e-05
-5.8496996091478564e-05 1.079894974479953e-05 -1.989549242470412e-05
-5.6604813133270815e-05 9.8645368850902582e-06 -1.9261427779138085e-05
-2.9016342274261378e-05 1.5759693292323788e-05 -8.5638910134716584e-05
-2.8700646880497213e-05 1.5791300125064475e-05 -8.6435957602576385e-05
-2.8388406330410494e-05 1.554549353999235e-05 -8.5678683612824824e-05
-2.8884630738266293e-05 1.6167401550415406e-05 -8.5946222388312565e-05
