5.4478956138526158e-05 -3.382455595034306e-05 4.8352701768644701e-05
4.0778672382668635e-05 -2.4439032466627708e-05 5.1333984959822665e-05
4.1178369642902446e-05 -2.4683975074268893e-05 5.1575037896628428e-05
5.5747065348228653e-05 -3.1599955736094643e-05 4.8148312608381483e-05
-1.5275800723727129e-05 9.67591963382797e-06 2.3798609681380256e-05
-2.0772863500606451e-05 1.2181714632519824e-05 2.0878782041058863e-05
-2.1478424132914675e-05 1.2308675972683147e-05 2.5989107725665761e-05
-1.6121292987808999e-05 8.4825570145219409e-06 2.3875580847293465e-05
3.13248497651943e-06 -4.9219921265265115e-06 -5.1849264987365029e-05
-7.1767500730445964e-07 2.3840610077700396e-06 -5.3525154647932061e-05
3.2965090688116989e-06 -5.3617055720191643e-07 -5.790522657106445e-05
7.0388728196646433e-06 2.3911374003038333e-06 -5.1264873544384915e-05
-2.1724774449085113e-05 1.2204489442037064e-05 2.0445905174047707e-05
-1.6484994831373055e-05 9.5529316961051602e-06 2.1394027746660105e-05
-1.6705054737375789e-05 9.5690356492336356e-06 1.9702462759736694e-05
-2.144147502909882e-05 1.2599881173386285e-05 2.0497621747730954e-05
-2.0473359039269092e-06 -4.8732064022408584e-07 -5.4972179438193824e-05
1.4529779703722318e-06 -2.3014743129442985e-06 -4.9331499633931131e-05
4.1458328241261722e-07 -2.1469073129137817e-06 -5.6522372135242582e-05
-2.2114463279273178e-06 -4.1603918773242248e-07 -5.5427741232100258e-05
4.4810011472273814e-05 -2.4295519013728395e-05 4.9229034980113884e-05
5.8303916186724578e-05 -3.2942838615407366e-05 4.4465014490124855e-05
5.947763600085143e-05 -3.3663907086811662e-05 4.666426892135922e-05
4.4032137968436427e-05 -2.5579214173070304e-05 4.9161666815178418e-05
-1.8642899024742809e-05 1.0486032640799549e-05 2.8781563764145035e-05
-2.0055359277071361e-05 1.1397890724407223e-05 2.4331751102391053e-05
-2.003080601620591e-05 1.165819942609966e-05 2.5556563305155489e-05
-1.865725309297924e-05 1.0892756709564451e-05 2.5917917376376554e-05
-7.7979383963602985e-06 -6.8896346813891989e-07 -5.4570860834012025e-05
-9.4989108129610864e-06 5.0001849504885312e-06 -5.158298239209963e-05
-9.7200981045431067e-06 1.3179112108574476e-07 -5.5350409616086726e-05
-7.994863147328668e-06 3.3051521648314042e-06 -5.8803109546048948e-05
5.4079287769015494e-05 -2.864055004014876e-05 4.7261997527581201e-05
5.9913923814210873e-05 -3.0901150683049217e-05 5.0746773627680097e-05
5.9137399120681722e-05 -3.2295389117642515e-05 5.2491245259883579e-05
5.4421248743476147e-05 -2.734189972119648e-05 4.7769902032812617e-05
-1.8459157047017203e-05 1.0776640149112423e-05 2.7532870787230768e-05
-1.9613489105773166e-05 1.1713139975694231e-05 2.5989610708584965e-05
-2.0084410293631609e-05 1.1371869348316029e-05 2.7320587029991406e-05
-1.8474542602213716e-05 1.0829916823273944e-05 3.0607175548827414e-05
-5.2327486393912901e-06 4.4198294251230653e-06 -5.7805155713942791e-05
-7.4850458722257231e-06 5.3199937341911205e-06 -5.1686983439255818e-05
-3.8779085942553925e-06 7.2139899209055017e-06 -5.5108094367622984e-05
-2.1993119572544456e-06 6.3865406164057437e-06 -5.48284187239928e-05
5.0290555579701746e-05 -3.3059115934652716e-05 4.7980192974028668e-05
5.6129434674070857e-05 -3.5988342009748032e-05 5.0908259107196319e-05
5.6887359110496805e-05 -3.4656306910491042e-05 5.2556891393745753e-05
5.1228643007161789e-05 -3.2073278487504409e-05 4.725957542531245e-05
-4.6220950608848069e-06 2.2274667579242399e-06 -4.1660357478434662e-05
-5.8873447955246441e-06 3.708954418313315e-06 -4.8168736152785774e-05
-4.881534534861994e-06 1.9915319285009362e-06 -4.3841039674141769e-05
-4.9667915053148689e-06 2.8361571497714788e-06 -4.301890205390263e-05
3.7374841598479666e-05 -5.4849345262950652e-05 -2.7604044646994952e-05
3.3257206134945563e-05 -4.8057665901352076e-05 -2.9725491415888428e-05
1.725285760222169e-05 -3.8586647537808706e-05 -3.9155869561185996e-05
4.144087586948467e-05 -4.8265718445721046e-05 -2.8533835895128146e-05
-1.8985636464106145e-05 1.0771950392572606e-05 9.4009351453136492e-05
-2.5445139563551387e-05 1.4102971998870275e-05 9.3659104176559149e-05
-2.6675043537256819e-05 1.4520771502407061e-05 9.2596084169983828e-05
-1.9582402642702223e-05 9.9457054882301455e-06 9.3996782857527772e-05
-2.5523175568628598e-05 1.5084938733927675e-05 9.2315413329324691e-05
-1.8813693871577719e-05 1.168802054087037e-05 9.4222274092344016e-05
-1.8619686153908965e-05 1.1531287818389302e-05 9.2266872230781227e-05
-2.5174043985949635e-05 1.5750486230396363e-05 9.186528847401898e-05
-6.7827607436619572e-06 -3.0301132841791326e-07 -3.7537275708654505e-05
-5.9418593701624639e-06 4.123320262131025e-06 -3.3320789676771767e-05
-2.3799064205395361e-06 1.1554576683397207e-06 -3.6345055303785984e-05
-3.347525037816399e-06 6.6296978307178733e-06 -3.6309469894302282e-05
9.6658627802171044e-05 -2.9554337107335314e-05 -3.3841793866784542e-05
0.00011113307304045158 -3.5853152846987424e-05 -3.45913492205141e-05
0.00011001019512190806 -3.4250256907885691e-05 -2.6227682394214247e-05
9.9161079734792941e-05 -2.5919172887549011e-05 -3.3079563096921616e-05
-6.5194904309252778e-06 1.8194055932372905e-06 -2.0578785139946376e-05
-7.6667997942504989e-06 3.1875562654104517e-06 -2.4792142922100413e-05
-5.1836081993427981e-06 3.8038376298811776e-06 -2.4188350523868252e-05
-2.6923922532503283e-06 4.6321831532747382e-06 -2.598737031121387e-05
-2.547353173300171e-05 7.5632089886845319e-05 -3.9938402569800191e-05
-3.5989911764269225e-05 6.8148688835243049e-05 -3.254044510248022e-05
-2.988992588752893e-05 7.195845437732158e-05 -2.9181110722753534e-05
-3.4025958134805925e-05 7.7626039225692917e-05 -2.8078701449246735e-05
-2.7224997986931765e-05 1.707931460475428e-05 9.3433501567652399e-05
-2.2772951782934481e-05 1.3952241050232961e-05 9.1853698342692081e-05
-2.2238826740939759e-05 1.497832131707507e-05 9.0336935692755804e-05
-2.7209437442277107e-05 1.6769233384561488e-05 9.2954171367995442e-05
-5.1210410934073437e-06 -7.8158100874007978e-08 -3.0818564233481283e-05
-6.3470061546624175e-06 6.0786990664363216e-06 -2.853798658941642e-05
-6.611611445962826e-06 1.8440695491701116e-06 -3.0111910502037681e-05
-5.5632617319972821e-06 5.1439642600459301e-06 -2.5685314690715444e-05
-0.00010956217267934078 5.5612917165999624e-06 -2.7988355188746095e-05
-0.00010239605003495316 1.1016370253596246e-05 -3.2020761526807551e-05
-0.00010248557968041904 5.0933733673455724e-06 -2.9964455699860171e-05
-0.00010362167208180506 -1.5002885428438972e-06 -4.0548994687916728e-05
-2.8610612268751417e-05 1.5485793354787984e-05 9.3518794186987775e-05
-2.3979993344625341e-05 1.3315800241587043e-05 9.2085222737049721e-05
-2.4867267360389745e-05 1.1900713146051345e-05 9.0936788305795435e-05
-2.9250499103454481e-05 1.5472543470007594e-05 9.3657104208055841e-05
