3.3143669491385308e-06 -1.0494104002282695e-08 -9.1620378678465043e-05
-2.9646695024480223e-06 -1.2635127874527363e-09 6.3389477272110355e-05
2.7909036662442023e-06 -5.8079430015345324e-09 -1.2284622694733009e-05
-3.1387941680539877e-06 -1.4738883159087779e-08 4.0659928232439878e-05
2.7575666988913054e-06 3.3122478444898296e-09 -1.2279150356103892e-05
-3.1232042777452765e-06 -5.9060032371930325e-10 4.0662280592923365e-05
-2.9508547155759207e-06 9.5778123965955045e-09 6.3387719773748234e-05
2.7857032522601854e-06 -1.4131328722206266e-09 -1.2306448180191866e-05
-3.1797792557526627e-06 -2.5481689380074668e-09 4.0638258948704452e-05
-2.9599911049076402e-06 6.1432347750467464e-10 6.3415101833628161e-05
3.3429968341597413e-06 -3.4484974981662236e-09 -9.1590844056335143e-05
-2.992870700765449e-06 -8.4028756845552419e-09 6.3398381193507415e-05
3.3567995596185327e-06 -4.8659617321806029e-09 -9.158756153578463e-05
-3.159807691362009e-06 3.0804906269333177e-09 4.0634402244213962e-05
2.7914529445761949e-06 1.2464391776605957e-10 -1.2317972405793444e-05
2.7942803655957305e-06 -1.2329140366738276e-08 -1.2301585698597413e-05
-3.1709850531995301e-06 2.5653635576234051e-09 4.0638560773301018e-05
-2.9641715338348733e-06 -1.3997590342948538e-09 6.3418859476776189e-05
3.3496984231384808e-06 9.3008190859829136e-10 -9.1586273422460292e-05
-2.9993019734799158e-06 6.8114628405624119e-09 6.3416794267994424e-05
3.3666445419282742e-06 4.1924921798108805e-09 -9.1579526753073938e-05
-3.151889562159893e-06 -4.2255086235565287e-09 4.063381378466898e-05
2.7996543523508936e-06 1.1376911092462333e-08 -1.2319232272965837e-05
2.7558020697078609e-06 -2.9178277884123194e-09 -1.2279897354301565e-05
-3.1261940936617126e-06 -8.6790969214007446e-10 4.0661387595660424e-05
-2.9531324218291279e-06 -1.092714117399609e-08 6.3386001698939078e-05
3.315363086338818e-06 5.2958229000005241e-09 -9.161939312898968e-05
-2.9656058987087921e-06 3.4291048516335576e-10 6.3394852459063879e-05
3.3163912352418556e-06 9.6202047903629507e-09 -9.1619570422610437e-05
-3.1405073468750155e-06 1.5181274455697714e-08 4.0657310787123833e-05
2.7901229383306501e-06 1.718802298221727e-08 -1.2282741071922322e-05
3.3140565921510254e-06 -3.9851805591682807e-09 -9.1619303869310172e-05
