2.5954474746590905e-06 -1.2516065670529521e-08 -3.0743680767900562e-05
-1.4350976574569255e-06 -5.9975793422003697e-08 -9.3067159170792495e-06
-2.6765262815304667e-05 -5.3876761083732072e-08 -3.791653955124508e-05
-9.0752479406392556e-06 -8.750157435427619e-09 -1.1020345090984474e-05
-1.3829756320953056e-05 1.1135026351059146e-08 3.9877509582660585e-06
1.0351362219587681e-07 2.034317228723475e-09 -5.771215373121712e-05
7.7844985295743305e-06 -5.6390947403340451e-09 5.4654460392914665e-05
-1.5399953530243621e-05 -6.3339366265051638e-06 -9.1086163164408838e-06
-8.5494875597764627e-06 4.0368875660057042e-06 4.020296838854907e-05
1.9791810486069657e-05 1.6182055064101826e-05 4.7112961436409848e-07
8.2712262956803444e-06 8.4696237702747341e-06 6.7235162724727914e-05
5.7462979351699658e-06 3.823818888624899e-06 2.2086528308525987e-05
8.0749753395617779e-06 -6.6598732905291972e-06 5.9887234780734138e-05
5.0249742089083799e-06 -7.9240433372270097e-06 4.2504854259321333e-05
3.1265416565711551e-06 -2.6830198870529459e-05 -2.196932214075303e-05
-1.5386499966775491e-05 6.3109111787472259e-06 -9.1017735733681972e-06
-8.5299252135999197e-06 -4.0393942168745099e-06 4.0166575982144691e-05
1.981998911288732e-05 -1.6223295960268659e-05 5.130943565747996e-07
8.1643819268930641e-06 -8.5994380340408735e-06 6.7378806815676217e-05
5.7377178710848179e-06 -3.8347158109907806e-06 2.211189571383514e-05
8.0026317783271454e-06 6.5538462777660345e-06 5.9791076309637006e-05
5.033088592736653e-06 7.9067039820412965e-06 4.2504255997828904e-05
3.1772492151554976e-06 2.6667686240391519e-05 -2.2201247534493675e-05
2.2630834027356772e-05 -3.8838769676058371e-08 -4.6325691211925209e-06
-6.8799592371660435e-06 3.3525365417813591e-09 7.5246082249058426e-06
-1.3341952580215493e-05 -1.6423717038907527e-08 2.7464178667134954e-05
1.6124594317719343e-06 -2.4602136727879323e-07 6.6536454195107158e-05
-2.6511589100794083e-05 1.7476624872053616e-08 4.3479460023194798e-06
-4.5932101106968548e-07 6.124211309463997e-09 4.2730120501858863e-06
9.3597975296157154e-06 9.168764265399601e-09 6.6033753871784073e-05
2.7458986991933665e-06 -2.390962569121316e-08 -3.5706812865792838e-06
2.2024026135356294e-05 -4.5508665569521465e-07 -9.2095174038808476e-05
-1.7870563636039551e-05 8.8050142359313064e-07 -0.00034855617834523558
