1.6874443101652647e-06 -2.4836900680644952e-08 -1.0692040047953315e-05
-1.7081321664622192e-05 -4.9021503781600126e-08 -7.2578625377731597e-05
1.1601805502092517e-05 -5.287340914400529e-08 3.6232317704570742e-05
-4.681725385626001e-06 2.7800402292721405e-09 1.5989840495842303e-06
-2.5053755801221662e-05 -3.8783281815007661e-09 -6.8601362879835287e-07
-7.3987113321164052e-06 1.8106017700761368e-09 -9.4095679462054098e-05
2.4503494313792094e-05 -8.3244396995024858e-09 -1.2599222672412917e-05
-2.1234778337514415e-06 -4.7604345416419019e-06 -2.5767208719956573e-05
-1.8618471848019617e-05 -1.7280797576794374e-05 -1.0025642087760876e-05
1.9426723241005781e-05 -2.9635730871584902e-06 -4.4894244992955794e-05
3.1664660941487129e-06 -7.6195102218790112e-06 -1.2962533659020663e-05
-1.0606643600525738e-05 6.3519157849416751e-06 -3.7622066517576346e-05
8.5770500560851002e-06 1.4070312439417118e-05 -1.8909378297707509e-05
1.465662999845384e-05 8.5390155655605668e-06 -1.3155151442230222e-05
3.8387193034548385e-07 1.2762093252175876e-05 7.7528511564175888e-05
-2.1102117749409455e-06 4.726933547790797e-06 -2.5764083313862922e-05
-1.8609952031873201e-05 1.7273758840098745e-05 -1.0073067793172318e-05
1.9435727327053341e-05 2.9125118795714331e-06 -4.4884375066994199e-05
3.1096217439439272e-06 7.4601272072214678e-06 -1.2829388970853582e-05
-1.0617284523255796e-05 -6.3710133016118707e-06 -3.7608648201980545e-05
8.5239419607438614e-06 -1.4205309566464575e-05 -1.8990982175444253e-05
1.46529251117411e-05 -8.5579011349021239e-06 -1.3156893193029366e-05
4.2197421142725622e-07 -1.2924503252896048e-05 7.7389637585943867e-05
-8.957399907889331e-06 -4.6146105912164836e-08 -9.5521437171236165e-06
-5.4833528546720505e-06 -7.2662956707375895e-09 -7.6412989029195875e-05
9.7533655295334396e-06 -1.7707655744444745e-08 -4.6074738876122727e-05
4.9913723029011616e-06 -1.9887135808277501e-07 -2.6780639745762995e-05
-2.3012690775410169e-05 -8.677307819151555e-09 -3.6568455185394429e-05
-1.8023602157031526e-06 -1.1370523030724763e-08 1.4894157756616469e-06
7.6393341648575003e-06 -2.6461306921674033e-09 5.2955336138451638e-05
3.9805396449684675e-06 -3.470120556051462e-08 5.5674353441858594e-05
2.5045175932750154e-05 -3.9444954224459889e-07 0.00020548017827919356
-2.0104210688258461e-05 9.0001077420727931e-07 0.00024487756749565475
