1.6820117221295894e-06 -2.7225890838252637e-08 -4.0346518148492994e-05
-2.107151807491511e-05 -5.8435187182038389e-08 2.552805376512346e-05
-3.8240895095980124e-06 -2.3484364907594424e-08 -3.1484059006641613e-05
-1.9993765208291964e-06 2.9213349655998755e-09 -3.0311153825235415e-06
8.0664677609134858e-08 1.5843169728609399e-09 -1.9609236466145569e-05
2.0975699719727806e-07 -6.2265806936737198e-09 -4.4076999165670872e-05
2.1654188529118715e-05 -7.7311604480915917e-08 1.7276533284001474e-05
2.7329929389550978e-06 4.0149932905578971e-06 -1.4493469052954434e-05
1.9671770922526088e-06 7.9012787621603458e-06 -1.9183186675163916e-05
8.226963985021919e-06 4.9567786608558707e-06 -1.6427368656956806e-06
2.5065302487143736e-05 -1.4623444677397401e-09 5.1206449352518557e-06
-7.5717842545031078e-06 -3.082966988562745e-06 1.6600728392651178e-06
-1.2862061277344405e-05 -2.746004579368003e-06 -1.8571648138076408e-06
-7.0761041750238163e-06 -5.0219261383172053e-06 -2.1050607638996299e-05
-1.1435507159205218e-05 -1.6055512494410687e-05 1.3572128961425846e-05
2.6955866146531615e-06 -4.0757474967152187e-06 -1.448226225023207e-05
1.9782113501248203e-06 -7.9221262502021021e-06 -1.9318537854341733e-05
8.2464344141736892e-06 -5.0314963499517129e-06 -1.7591536999187266e-06
2.5008987588142262e-05 -1.9539594831935935e-07 5.2357373568935606e-06
-7.5482162301342376e-06 3.0522673288198852e-06 1.7109293170979208e-06
-1.2888434700487807e-05 2.5797012042858285e-06 -1.9380466758089909e-06
-7.1032243616606008e-06 4.9908070473593524e-06 -2.1122333097863683e-05
-1.1451559705753095e-05 1.5898749841529881e-05 1.351909903210915e-05
-6.5680251971490366e-06 -7.9954411182081575e-08 -1.8280184719677781e-05
-4.8558878640205926e-06 -9.0868967005889451e-10 -4.7619698439312075e-05
1.0242908786806809e-05 3.4879519758340347e-08 2.1391837685506843e-06
3.6062703427041341e-06 -1.727270941380421e-07 4.9172326729839469e-05
-1.3380658597446447e-05 -1.1873985084613314e-08 3.9048653017199203e-06
4.2886371854899963e-06 -5.0071042127395812e-08 -3.5117400066030091e-05
8.2357319551237818e-07 -7.7079529803118774e-09 4.3071639776459669e-06
3.1785833244161272e-05 -9.7592908611648238e-08 1.700841193710812e-05
7.7710670808403982e-06 -2.4410424584767835e-07 4.2229402442715835e-05
-2.2759343321424041e-05 7.9008981723280116e-07 0.00016772848020932263
