3.3641166736063377e-05 -2.1601088004377655e-05 2.0274593171359934e-05
-8.6042729937432262e-06 4.7894552808770696e-06 -1.5165477439127439e-07
-2.4905225098840046e-06 2.209430631984477e-06 4.107990670680628e-05
-8.6418039967464449e-06 4.9289116183593232e-06 -8.0624002682383455e-07
-4.0486751395179535e-06 1.7113816895095862e-06 4.0753188810777052e-05
3.4873712990768357e-05 -2.1813953803073716e-05 2.0292121203108193e-05
-8.9947037389308065e-06 5.3839922723904199e-06 1.4402159542320492e-06
-7.7816282613293528e-06 3.3339126074768966e-06 4.155938263176312e-05
4.1216762080686919e-05 -2.0638242512305283e-05 2.0975203342377124e-05
-9.0300135688839585e-06 5.450289100875777e-06 1.7941024472237221e-06
-6.2341820229051934e-06 4.7317272194409218e-06 4.2076866078856467e-05
3.9887934959015325e-05 -2.2645045151481469e-05 2.0961634139338159e-05
-3.4624318841972707e-06 1.9291106215096887e-06 1.6283650916548709e-07
1.6888487588997394e-05 -2.3259550097359783e-05 2.4380716143135306e-05
-1.7548967445235077e-05 9.7526310136710273e-06 -7.3568007104604649e-05
-1.6054686172623758e-05 1.0096300002220351e-05 -7.376006122636336e-05
-3.481985450998204e-06 1.7858821270491654e-06 5.1985551983158018e-06
4.8519024910939035e-05 -1.4828734211769169e-05 2.3864667097611703e-05
-2.8032616095005625e-06 1.6032910266430833e-06 1.2157820719060908e-05
-1.740935857036739e-05 3.3839805917051219e-05 2.213083921320802e-05
-1.919753839288549e-05 1.2028359348675681e-05 -7.4217950756280682e-05
-2.6666898779765407e-06 1.6552635762334678e-06 9.3347525456088931e-06
-4.9886716826399579e-05 5.3703027400094777e-06 2.2745028015525026e-05
-2.0687829685716859e-05 1.062426952691195e-05 -7.4012323527453128e-05
