3.6453618173726277e-05 -2.1928812497254424e-05 0.00019526832080402068
3.6036872520461838e-05 -2.1307823141802906e-05 0.00019601246463782362
3.6011583782136203e-05 -2.1331209893560299e-05 0.00019589909130773853
3.6757468972047069e-05 -2.1312748258006664e-05 0.00019518943881211004
-1.0468096925542945e-05 7.2643805148292712e-06 2.7848879295744311e-05
-1.1677642785321962e-05 6.8706363338111309e-06 2.8764106500635267e-05
-1.2691668188180572e-05 7.3138456886390202e-06 2.8945336761232454e-05
-1.1444541843730983e-05 5.5844651502545695e-06 2.7562959461907566e-05
-1.6063225647157398e-06 5.4431115811826025e-07 -3.1387324717413456e-05
-4.3975890222461311e-06 3.2874767481836124e-06 -3.0799597843474136e-05
-2.8965778970334029e-06 2.8426414582069428e-06 -2.8599305206294945e-05
-2.3283030919918346e-07 2.4875085646858253e-06 -3.1565840985903204e-05
-1.3189309288551352e-05 7.1157805130400795e-06 2.8459858344487277e-05
-1.2089084410479595e-05 6.7342624439081789e-06 2.7863719708698387e-05
-1.1761138847265308e-05 6.8061020107998069e-06 2.6899512618021315e-05
-1.2703454978163845e-05 7.6786993967181694e-06 2.8533183134268891e-05
-5.0124044209149277e-06 2.9019443892763395e-06 -2.8029689392208845e-05
-2.5085410705056438e-06 8.1819351244747165e-07 -2.8848060378020013e-05
-3.5124112578860389e-06 6.6639250383138116e-07 -3.4892145024209564e-05
-6.1863820740524751e-06 1.6219340319798426e-06 -2.8500464762021283e-05
3.7952239554939204e-05 -2.1292621866786376e-05 0.00019460518619232592
3.8351814194682865e-05 -2.1871779181864559e-05 0.00019414943485251968
3.8794311959480798e-05 -2.2014403228798329e-05 0.00019347463465713144
3.7809849900146222e-05 -2.1719412119288145e-05 0.00019456460951222665
-1.2299917793420539e-05 7.5678600318088889e-06 3.0844468201396413e-05
-1.3430138310899231e-05 7.4537683131814525e-06 3.1031302209827416e-05
-1.2970591988878876e-05 8.3959644100708086e-06 3.0762388877940416e-05
-1.1912493251578081e-05 7.0844045167401748e-06 3.0274284959108666e-05
-8.2408446009866044e-06 3.327992366337993e-06 -3.010605906075825e-05
-9.188819276575354e-06 4.708805752590378e-06 -2.8986949908965665e-05
-1.0218212162085849e-05 3.0817776222186177e-06 -2.9253574964194229e-05
-9.4056676745724044e-06 3.6124675652782212e-06 -3.6633012043381374e-05
4.1873605305352279e-05 -2.1920070125969193e-05 0.00019454262060270011
4.2123269284766174e-05 -2.1747626325452352e-05 0.0001953730180409563
4.1959670510502423e-05 -2.2189059322275106e-05 0.00019510066129427295
4.2201629211924274e-05 -2.1643997715961615e-05 0.0001941162063585633
-1.1846484623621271e-05 6.8558339566819788e-06 3.138551300192749e-05
-1.2958635838181999e-05 7.7896183296455312e-06 3.2229427442652392e-05
-1.3776283060632535e-05 7.0349120938027754e-06 3.1632728435759816e-05
-1.2702077226919563e-05 6.6643870968441377e-06 3.1814464173926527e-05
-7.2893133725047618e-06 5.4076344885625174e-06 -3.6019815217357143e-05
-8.106637645345291e-06 5.383768897474525e-06 -2.9016891064770345e-05
-6.8009590383016297e-06 6.6041973831110559e-06 -2.9106246564401805e-05
-6.0097270797309656e-06 5.4943108350151556e-06 -3.0634829774209282e-05
3.9587903872040364e-05 -2.5414689927061307e-05 0.00019419463913103452
3.9615472599863113e-05 -2.5416661587906314e-05 0.00019540550259283807
3.9894350924746247e-05 -2.4967901168987394e-05 0.00019507666281259883
3.95893382778012e-05 -2.5151016315283492e-05 0.00019443953181777496
-7.8073180880267046e-06 3.9076126250314758e-06 -6.2111171147183342e-05
-8.9872081125448979e-06 4.680319711403147e-06 -5.9614053230159364e-05
-7.932733955993141e-06 4.413739270241906e-06 -6.3085040582944174e-05
-7.4027177231712001e-06 4.33502388719198e-06 -6.2637512418611818e-05
2.228233799170449e-05 -3.1570640875441987e-05 -1.5268344555813274e-05
2.6332884221321601e-05 -3.3378938297828897e-05 -1.342506132173682e-05
2.2105568673231219e-05 -3.1492771459855107e-05 -2.1935134119438482e-05
2.2338058694855009e-05 -3.1066229107335944e-05 -1.5806909876930897e-05
-9.3692375444010987e-06 5.5699908829474985e-06 -8.254303281349934e-05
-1.0441158194790686e-05 5.415457573554501e-06 -8.2414472839728581e-05
-1.1226364294964749e-05 5.9568462956636429e-06 -8.1915894347625584e-05
-9.8539835108629357e-06 4.5382857492677836e-06 -8.2709540969790052e-05
-1.0303738802591722e-05 5.9241842988479176e-06 -8.0303440054031727e-05
-9.4240105820916908e-06 6.0042417429351236e-06 -8.0641677679030299e-05
-8.9894299213355566e-06 5.8081343461413582e-06 -8.150818402938298e-05
-9.6656793428691323e-06 6.9737786055675682e-06 -8.0476452058747538e-05
-7.5758115966884088e-06 4.4234715685948639e-06 -5.5367888996737946e-05
-6.9504622389322769e-06 4.352229112492001e-06 -5.7989835806182555e-05
-6.808248003475903e-06 4.1485055080059396e-06 -5.5254700711770965e-05
-7.3654390672808594e-06 4.8767939396787696e-06 -5.5492506704446498e-05
6.842481578824816e-05 -2.1906981479469234e-05 -1.7554319589052625e-05
6.692203375229273e-05 -2.0613374462279815e-05 -1.7528145278666862e-05
6.6752043969747548e-05 -1.936442679879326e-05 -1.5719961543231298e-05
6.9784906563960438e-05 -2.0674150530572422e-05 -1.7002032070750905e-05
-7.850872483171757e-06 4.9288789617654228e-06 -4.830423254720273e-05
-8.7712000112286363e-06 5.4928637585605067e-06 -4.8301523661423845e-05
-8.7541102665570389e-06 5.3929821730198946e-06 -4.8525018119471852e-05
-7.3670082173369527e-06 5.4247582075561684e-06 -4.56786581103652e-05
-2.2674130808763744e-05 4.7100586669932692e-05 -2.2468494215055479e-05
-2.5132785733205309e-05 4.5699992821889978e-05 -1.4183318490040842e-05
-2.3874773885904912e-05 4.7556068510103871e-05 -1.5336522492692684e-05
-2.3701696674440463e-05 4.7887665664672618e-05 -1.5777607927813797e-05
-1.3139241479622333e-05 8.434546924388029e-06 -8.1875136596284981e-05
-1.1480970054933426e-05 6.8553970043253032e-06 -8.2053230003570343e-05
-1.0537736080737348e-05 8.1826174314529945e-06 -8.2340324179003277e-05
-1.2505913562943505e-05 8.3065253593250787e-06 -8.2884712628017443e-05
-8.821956782900848e-06 3.6694308084239636e-06 -4.8391402809766504e-05
-9.6184673458921577e-06 5.0014928819619442e-06 -5.1218931366392439e-05
-9.1351027004869085e-06 5.0560023541748253e-06 -5.1690543772030945e-05
-8.3126563517055274e-06 4.6597622112010129e-06 -5.185503350402243e-05
-6.9465044693509283e-05 6.6064427136722513e-06 -1.5854822630501086e-05
-6.8310146330119545e-05 7.768706690084324e-06 -1.3843734492369197e-05
-6.9735705701132807e-05 6.7471605503504478e-06 -1.593160160559548e-05
-6.8799413902559392e-05 4.7740048327860052e-06 -2.2937711936538152e-05
-1.3859873727916939e-05 6.9236890007292337e-06 -8.2476817125413937e-05
-1.2068070041771435e-05 6.6344466329864996e-06 -8.1748285701135903e-05
-1.2759254798938395e-05 5.2998308024410079e-06 -8.2089634021072222e-05
-1.4318214727170947e-05 7.3438380376877888e-06 -8.1797049424181534e-05
