4.5496354853097332e-06 -7.1542146287158345e-07 -6.467304720843281e-05
-5.7620920709830839e-06 -5.2448082737348883e-07 -2.2497010115553589e-05
-5.2143427473855079e-06 -7.9406578732885147e-07 -4.2760516404055995e-06
4.9141794873121258e-07 -9.5225033811333071e-08 -1.8130786364603524e-05
-4.3998409990683284e-06 -5.6988049012022743e-07 -1.6694288617478048e-05
2.3453797829009341e-06 -2.0635883194174446e-07 -8.0126314496616058e-06
1.5697778072787686e-05 -3.669370371366851e-07 -3.335814723676579e-05
-1.9857292540323424e-05 -3.0261009684829721e-05 -1.3758893918047006e-05
-1.0373733542473878e-05 -7.0021763114628101e-06 2.0314290839672233e-05
5.2553463764966205e-06 5.8889432466447539e-06 1.1490013600278307e-05
1.7894554287466689e-05 3.2215658963729763e-06 3.3993024600928456e-06
-3.1114975014714745e-06 -2.2224361128729401e-06 -1.7125122331385252e-05
-1.220349300394075e-06 -3.1396471182459636e-06 2.9890616015312843e-07
1.8300239214203741e-06 -5.5892935835536708e-06 5.36495050690311e-07
-3.0697154560773571e-05 -6.7019679689671709e-05 5.3668252236451983e-05
-1.9794588564433363e-05 2.9269528052698837e-05 -1.3792259732556744e-05
-1.0322381444558991e-05 6.6204201961270941e-06 2.0153100394014467e-05
5.2275346554364697e-06 -6.8517706265115437e-06 1.1650852448801853e-05
1.7667620882794144e-05 -5.5136646812821953e-06 3.7704020833737029e-06
-3.2221291921771019e-06 1.5476573747212987e-06 -1.7091219004225023e-05
-1.4499650805018882e-06 1.0018369735083354e-06 2.9072915576702774e-07
1.8058617247871354e-06 5.1642089513651013e-06 4.6396347068433652e-07
-3.0354796886879198e-05 6.5032780306622292e-05 5.2659628046953675e-05
5.3784671560405239e-05 -6.6207819404348611e-07 -3.4318162601854486e-06
6.6269091072497944e-06 -2.3587265477603703e-07 1.5223191976609929e-05
1.1574740812395675e-05 -3.5984347578711445e-07 -2.583154058107863e-05
6.955187168788176e-06 -1.7513129845348591e-06 3.3245428190227522e-05
-1.2490040149706677e-05 -5.1451914659729344e-07 1.9504177722668012e-05
9.521963493044211e-06 -7.0693217011806239e-07 -4.3903478963172593e-05
1.0972003874950426e-05 -1.6328914199145554e-07 1.6640634603291848e-06
5.4606717634526902e-05 -6.8357023444692161e-07 3.8388115182669269e-05
1.7946750111405303e-05 -2.3632744740839954e-06 -3.2094668673612881e-05
-6.5271409697256364e-05 1.2589731114700002e-05 -5.072133334435569e-05
