4.3439089499219818e-05 -2.5164856393346258e-05 0.00013761043424029284
4.3783780382222748e-05 -2.5365822723610876e-05 0.00013598423946553639
4.3796171286858421e-05 -2.5355076989086456e-05 0.0001361515192197793
4.3448565602323408e-05 -2.5159397742058331e-05 0.00013785422045736739
-2.1309772779502209e-05 1.2288409437816064e-05 3.830772393409454e-05
-2.0752774953779689e-05 1.1739453996628679e-05 3.7362428890734545e-05
-2.0544240575626205e-05 1.2109876492083504e-05 3.7790941152415769e-05
-2.1073399743460751e-05 1.2208080657938325e-05 3.8640900325272176e-05
-1.6766168770510027e-06 8.1654239036401365e-07 -2.6014118942596642e-05
-1.080798761403086e-07 -8.2647425103644055e-08 -2.1340378978648711e-05
7.2637577473526858e-07 4.8895902242797155e-07 -2.2503471000648312e-05
-8.0350492111247451e-07 1.3835392461691853e-06 -2.5146773928036437e-05
-2.1611394890104361e-05 1.2252355921990588e-05 3.8046106506095523e-05
-2.2190160919995376e-05 1.2737960715047958e-05 3.8775582030775579e-05
-2.1932623308539283e-05 1.2713423513355812e-05 3.8787605256752899e-05
-2.1410947530347478e-05 1.2571463578608943e-05 3.7611359843842118e-05
-4.2217252896201369e-07 1.3132974601781991e-07 -2.0341737937384918e-05
-1.9473096456364158e-06 2.4288056832768874e-07 -2.4293875388471664e-05
-1.7375249237172596e-06 1.1342805228825581e-06 -2.5562593527553301e-05
-2.0633261383788465e-07 -5.1105072266654106e-07 -2.2066522223078422e-05
4.5758855735766879e-05 -2.6456231648319672e-05 0.00013484806024677276
4.542515809076008e-05 -2.6248055361138833e-05 0.0001364362135283792
4.541120429487483e-05 -2.6261919108039322e-05 0.00013658142861089351
4.574576324342227e-05 -2.6454192767271303e-05 0.00013483797065988457
-2.1908174507623176e-05 1.312807251282425e-05 3.9597423334286619e-05
-2.1338356564704064e-05 1.2507846237852505e-05 3.9089575598616477e-05
-2.1097206446186919e-05 1.2857538285368985e-05 3.8993915525892264e-05
-2.1696029486057588e-05 1.2979196600393394e-05 3.9357161171899024e-05
-4.1855976786134166e-06 1.8021690453549379e-06 -2.2402974907555218e-05
-2.2841877650881936e-06 6.5332435357306172e-07 -2.3685777277543396e-05
-2.0369289542854219e-06 7.4672208412451813e-07 -2.5990627457873894e-05
-3.9738775631514844e-06 1.9078017939461178e-06 -2.2930399296086645e-05
4.667773468517572e-05 -2.6059851040205473e-05 0.00013572906814518504
4.6500732739186701e-05 -2.5962746372676371e-05 0.00013789912624967426
4.649048168599984e-05 -2.5968692477340571e-05 0.00013796347709688073
4.6669225558126914e-05 -2.6068684240509272e-05 0.00013585062992949037
-2.2354096609447747e-05 1.2212836318961509e-05 3.9716140167359026e-05
-2.1699326912363523e-05 1.2001084511908955e-05 3.9063819265355848e-05
-2.1494481973738258e-05 1.1982645288244071e-05 3.9677891863709736e-05
-2.2075403839012586e-05 1.2437342806342899e-05 3.9863685316054998e-05
-3.8210861538880223e-06 2.5754771540557365e-06 -2.2120345282664045e-05
-1.8322791342561878e-06 7.1135118383778857e-07 -2.45610461288015e-05
-9.1667778683157263e-07 1.9387434774572731e-06 -2.4460926777859771e-05
-2.8900292859097105e-06 2.2726616713858623e-06 -2.2621566845230923e-05
4.5924426283372455e-05 -2.737235151673012e-05 0.00013573276157352598
4.5752015347179723e-05 -2.7260734734038672e-05 0.00013777851735366498
4.5749537559369724e-05 -2.7257425851273664e-05 0.00013806040865971259
4.5933534324471559e-05 -2.7361799134067999e-05 0.00013585561222620446
-2.4689444509382909e-06 1.1502724314501212e-06 -4.2524746593830542e-05
-4.6923902660884228e-06 2.0797514466985856e-06 -3.9540738141576742e-05
-4.0375751948662671e-06 2.7488985602694936e-06 -3.9690924236612801e-05
-1.8618399526852875e-06 1.2061360073478689e-06 -4.110620508005966e-05
1.0146328779364567e-05 -1.2050566437671502e-05 -3.3645732038511955e-05
1.0266731884466321e-05 -1.2132490457561484e-05 -2.9305507287746835e-05
1.0021282888848026e-05 -1.224132471580754e-05 -2.7578459964733293e-05
1.0001546311685737e-05 -1.2216490430575687e-05 -3.1528637672834092e-05
-1.6326654837736085e-05 9.4478521381498575e-06 -4.2767909765262235e-05
-1.9210829833295667e-05 1.100604072656376e-05 -4.4366797397568658e-05
-1.9503263744398262e-05 1.1012499323891176e-05 -4.4740419094607686e-05
-1.6585482682700725e-05 9.1734563706670751e-06 -4.2657575247156965e-05
-1.9839217150804944e-05 1.170939586975922e-05 -4.2639147429260338e-05
-1.6880789752548447e-05 9.8446013344216654e-06 -4.0651518607673354e-05
-1.6690656517215352e-05 1.0209542449679532e-05 -4.0373879756645803e-05
-1.9602631086246269e-05 1.1704607704549411e-05 -4.2108597434122041e-05
-3.7842742379487048e-06 2.8013926029715926e-06 -3.7321686503499762e-05
-1.66642127917907e-06 1.0680071361734988e-06 -3.9295048904985919e-05
-2.1296977673927677e-06 1.276839680120173e-06 -4.0579185848196864e-05
-4.2926099839301528e-06 2.0744610753631321e-06 -3.8016393429707307e-05
2.5447780202379457e-05 -8.0142997318454444e-06 -2.8421329296701714e-05
2.5367325631402677e-05 -8.1504592979800283e-06 -3.3661126818074205e-05
2.4969436655263987e-05 -8.1978717034743125e-06 -3.2435866652691381e-05
2.5069091118823383e-05 -8.4066000949057067e-06 -2.9528348379770364e-05
-2.2442504790132775e-06 2.0445420338034573e-06 -3.6521505894615558e-05
-3.3671981737097524e-06 2.38606062538671e-06 -3.4476431972820659e-05
-3.8958591447487952e-06 2.4332971883534978e-06 -3.6185994305437674e-05
-2.7068269828770864e-06 1.4706174302492325e-06 -3.6737178444549295e-05
-6.7915778043316395e-06 1.5505241709035458e-05 -3.1801883983745283e-05
-7.5819740633157858e-06 1.5949830765978274e-05 -2.9622483896152296e-05
-7.928446400698886e-06 1.5752585430859342e-05 -2.97704155671763e-05
-7.2837468859275129e-06 1.5327069617702971e-05 -3.1437097114395129e-05
-1.7577357537722611e-05 1.0656239184967027e-05 -4.4144675474991346e-05
-2.0458158162539597e-05 1.2109639298582553e-05 -4.0692117956389606e-05
-2.0216785369218157e-05 1.2397312461360208e-05 -4.0513503711342436e-05
-1.7359743492706414e-05 1.0551410893233637e-05 -4.3470652459735859e-05
-3.1185826002357205e-06 1.3750319662818008e-06 -3.810604001497353e-05
-4.2520365687636957e-06 1.555773446959563e-06 -3.6455986893280112e-05
-3.6945578266170875e-06 2.3755538281918474e-06 -3.6109798777755192e-05
-2.5289250853433032e-06 1.199684838637527e-06 -3.7063224521460825e-05
-2.2462607577989279e-05 1.7701788306762449e-06 -3.1984337833496079e-05
-2.3217234141921175e-05 2.0215037053632605e-06 -3.1090606296996226e-05
-2.3416249533996054e-05 2.0779040436091391e-06 -2.819096649581132e-05
-2.2695369657321773e-05 1.5134639984176745e-06 -3.1180080924092524e-05
-1.794897665809378e-05 1.0012328219554507e-05 -4.3696317586078282e-05
-2.0836264306676116e-05 1.1550108482465994e-05 -4.0321576850202434e-05
-2.1057264084384838e-05 1.1506106843528485e-05 -4.0608848348042126e-05
-1.8229504900905567e-05 9.7423796339146662e-06 -4.3685407950674882e-05
