1.9538596944701503e-05 -1.1568680782808594e-05 -0.0059853922937417019
-2.0867812597273963e-05 1.2044304979099817e-05 0.0032817871486769141
-1.4456631388626425e-05 8.3230560936498749e-06 0.011206394897595022
-2.1335840487341385e-05 1.1796127139484386e-05 0.0032811955173305558
-1.4227053466049579e-05 8.2446261912283436e-06 0.01120589920825567
1.9719116029881523e-05 -1.1072176338389195e-05 -0.0059846160812251064
-2.1674170039445316e-05 1.2105946530408841e-05 0.0032813703887082397
-1.4076958751742675e-05 8.4022301286255929e-06 0.011205994627373235
1.9418318153052727e-05 -1.1338224772394767e-05 -0.0059845962397738466
-2.1252804718412761e-05 1.2468408686308607e-05 0.0032815712692283467
-1.4418071347777712e-05 8.2956836611469686e-06 0.011205612285373453
1.9518744250879294e-05 -1.1255268323240308e-05 -0.0059856885073244197
2.6490419765663146e-05 -1.555915200321693e-05 -0.0045319633056071871
4.9744037208975704e-06 -2.8784807056612526e-06 -0.0067970325756134629
-1.3003832969354662e-05 7.4393792427913941e-06 0.0029700943180480024
-1.3254292909012019e-05 7.8079786777398436e-06 0.0029693817593819585
2.6655136663620085e-05 -1.55043823299051e-05 -0.0045319139531814854
5.02263461636524e-06 -2.8419923775223159e-06 -0.0067970067239003593
2.6342787612228637e-05 -1.5081865298273694e-05 -0.0045318617400472248
4.9853750213792129e-06 -2.8404836203499504e-06 -0.0067970661089550386
-1.3182623925714137e-05 7.4225713813692862e-06 0.0029686665433726247
2.6368919842187474e-05 -1.5550294776215182e-05 -0.0045318333255680108
4.9219526476020248e-06 -2.7316540983594721e-06 -0.0067968091324639244
-1.2811738445951465e-05 7.8585211140133962e-06 0.0029689381206211476
