8.1427532028000016e-05 -5.239702534224483e-05 5.8113397673920097e-05
3.9792018801498852e-05 -2.4374852706121608e-05 6.320677002019659e-05
4.1762870197248336e-05 -2.5254534583907251e-05 6.4566126893372822e-05
8.5051879513298179e-05 -4.6234484629037453e-05 5.8068041131981163e-05
-1.6771492449188313e-05 1.2973787988423101e-05 -1.5663151651690299e-05
-3.0976779831462585e-05 1.8046614529809712e-05 -1.8161534091273857e-05
-3.370407180230961e-05 1.93774595800833e-05 -1.1337620634321866e-05
-1.9678302442941185e-05 7.9864806805107769e-06 -1.5757372968848438e-05
4.0459603898557964e-06 -7.4280939909849956e-06 -3.225651677332686e-05
1.7993224836543374e-06 1.0942119981559957e-06 -3.6430485909559607e-05
8.1239807870662714e-06 -2.6170535823912423e-06 -3.8267523105706136e-05
1.0356891990810635e-05 3.4285554002533303e-06 -3.0427722354287035e-05
-3.2389615883697737e-05 1.8673433514055792e-05 -1.9220854288723443e-05
-1.9069380891618542e-05 1.1004472450587555e-05 -1.5775747697066578e-05
-2.0514487271029177e-05 1.1827514980791037e-05 -2.4974118239269594e-05
-3.2275925094038874e-05 1.8479356562628446e-05 -1.8381757481145122e-05
5.2678074905521143e-07 -2.314798990739244e-06 -3.4873198244786408e-05
2.5442813449884794e-06 -3.3329792173769851e-06 -2.9653123796560821e-05
2.9102850669648905e-07 -2.6074669235431891e-06 -3.3806681990919407e-05
3.4496274601002489e-07 -2.3965140389162459e-06 -3.5981391404101004e-05
4.4730513947266459e-05 -2.3615939974463984e-05 6.4053684376008668e-05
8.6945875240405923e-05 -4.9321612844627216e-05 5.6155698353543837e-05
8.9933004815759277e-05 -5.1033834796765376e-05 5.8972510214139184e-05
4.3610667519519176e-05 -2.5542797802881843e-05 6.3918606685586798e-05
-2.8752933197954592e-05 1.6685582972136501e-05 -1.8040451212827935e-06
-2.5415335131007133e-05 1.3401427563564106e-05 -2.0756084106565709e-05
-2.588723286240711e-05 1.4806531756248538e-05 -2.2537022947147212e-05
-2.9294887629258284e-05 1.5700215658836602e-05 -8.7245203110736247e-06
-7.7047648438719992e-06 -2.8465952807808651e-06 -3.2254102979509258e-05
-8.6092210606395999e-06 4.5640315586980163e-06 -3.5718216900591793e-05
-8.9540221198808334e-06 -2.5100015664247799e-06 -3.544335163915141e-05
-7.8191680502465166e-06 2.0365159546509304e-06 -3.8817426749035433e-05
5.8926339727864707e-05 -3.262347739768634e-05 5.7766820748983427e-05
8.6866394503361949e-05 -4.5427567154754378e-05 6.4762208295737755e-05
8.5685090531770289e-05 -4.8950197926556083e-05 6.7682064677998532e-05
6.0119131888020441e-05 -2.8371987261903377e-05 5.7644467740203265e-05
-2.7880568895435925e-05 1.7767857797819559e-05 -7.2637134493347411e-06
-2.398850474747506e-05 1.5286522391605439e-05 -1.8515221850264052e-05
-2.5823256741959818e-05 1.4970173673901107e-05 -2.083854281524633e-05
-2.9091291315061019e-05 1.6378522469384649e-05 7.8296216306228406e-07
-3.9194613363007728e-06 4.4943232204053708e-06 -3.6960599962575225e-05
-6.6169395734642575e-06 4.383012729575371e-06 -3.6274297514793385e-05
-5.491460369255513e-07 7.8657672693417235e-06 -3.4851148868308979e-05
3.8478014987992069e-07 7.3546460903149268e-06 -3.2870644182135533e-05
5.3751393976342321e-05 -3.7266132949631547e-05 5.7815481680462133e-05
8.19282912887828e-05 -5.1888447908331452e-05 6.4825935551293679e-05
8.4446871677523738e-05 -4.8953961725911599e-05 6.783511057897873e-05
5.7054099356468324e-05 -3.4000880488382901e-05 5.781642872948467e-05
-5.7413653950708879e-06 -1.1992246691434373e-06 -6.391239511405189e-05
-4.3048213203129263e-06 2.5982747615671542e-06 -6.8442051960330291e-05
3.7540080379379554e-07 -1.0314202128676193e-06 -6.8915410671888111e-05
-2.541952879375883e-06 5.4367774348085263e-06 -6.5785937101714431e-05
3.942253143620093e-05 -6.9200007185837593e-05 -4.4676984455704893e-05
1.9238633080335965e-05 -4.642280236746843e-05 -3.7527457860342395e-05
-1.8256155808264805e-05 -2.5038510815037594e-05 -5.2056898755620251e-05
4.9279756539397752e-05 -5.2973365512058496e-05 -4.4480592489209991e-05
-1.8092135018283706e-05 1.0807580064653151e-05 0.00012687513463364997
-2.9342128328806909e-05 1.63604539793606e-05 0.00012099000972724816
-3.2219362626088172e-05 1.7291435392329836e-05 0.00012102296772112386
-1.9572122626507427e-05 8.9360545000841032e-06 0.00012712976816685317
-2.9665739471829156e-05 1.5853477414177336e-05 0.00011829592198114164
-1.7681188713064566e-05 1.133802340535367e-05 0.00012643945551833735
-1.6186098599768606e-05 1.0488781107431677e-05 0.0001223681138895899
-2.7649002402197614e-05 1.9403941039939851e-05 0.00011790376643910916
-2.7133866732616057e-06 -2.5162320417345015e-06 -5.6119797066322974e-05
-5.917786507904138e-06 3.716543736695388e-06 -5.6762673203092362e-05
-1.9838853402787343e-06 1.4636128031805373e-06 -5.2656530237171761e-05
1.0412882356892962e-06 4.1786992992509653e-06 -5.4452587341380365e-05
9.6151619580012886e-05 -2.2124766996073743e-05 -4.221827704870007e-05
0.00013913758112931579 -4.468102482481362e-05 -4.8583178019506734e-05
0.00013343973857042135 -4.2297968819444108e-05 -4.4029711809862038e-05
9.6989730258702916e-05 -1.8954191821475433e-05 -4.1918207802860152e-05
-3.8646389761336848e-06 -1.9865249053199925e-06 -3.6975853030529748e-05
-7.3105583062512292e-06 4.6452030255939025e-06 -4.693719136909455e-05
-3.5641552995558301e-06 2.2052831696893265e-06 -4.6186132359515852e-05
1.355460297769711e-06 5.5891875541946856e-06 -3.8562098912627019e-05
-2.7091089800349938e-05 0.00010702617315702109 -5.3215967656672358e-05
-4.5982171990691947e-05 8.4088159582159728e-05 -4.4254383282843479e-05
-3.6065975504068638e-05 8.9107720145917236e-05 -4.4621763522351143e-05
-5.3002006332524069e-05 0.00010889741958688623 -3.9362231090106503e-05
-3.2218159041973285e-05 2.0130307562357132e-05 0.00012424726194345398
-2.2639258780599025e-05 1.3408861239835868e-05 0.0001193744360314386
-1.9634451518312467e-05 1.6932253925910673e-05 0.00011726762458752482
-3.0661440339585511e-05 2.0480954007306984e-05 0.00012217970451411375
-4.0784928455162126e-06 -3.6592395408889013e-06 -4.4579599578931095e-05
-7.5338213281708906e-06 4.5885454754701627e-06 -5.1883993910983861e-05
-4.3513986816040465e-06 1.7249059190134561e-06 -5.3594733992176624e-05
-8.8685985488577051e-07 4.3413840452588559e-06 -4.378227914880739e-05
-0.00015166839723000636 8.7047439480420285e-06 -3.9612186385790116e-05
-0.00012675011888391868 1.5979770780806372e-05 -4.4095636124091842e-05
-0.00012612596300215712 4.3858180487970841e-06 -4.4611064878241624e-05
-0.00013768381013146147 -1.1225568460490609e-05 -5.2904274325304979e-05
-3.3601287739885757e-05 1.6805593004082741e-05 0.00012267741595652082
-2.3459995734714009e-05 1.3661402478745309e-05 0.0001197925565960406
-2.5628460195481853e-05 8.5515740795294448e-06 0.00011813885293619764
-3.4914991153119036e-05 1.8255040459713712e-05 0.00012488664821838635
