3.1532599870688627e-06 -3.4173911342893701e-09 -4.5323836461337585e-05
-2.441946828570516e-06 -3.8450331359823897e-08 1.9331583183283384e-05
2.624342009965359e-06 -1.1480167826788401e-08 -5.3591862458247149e-05
-3.340853978550315e-06 -1.5343194357392287e-08 7.8663871233390636e-05
2.5946295964481871e-06 -2.2264110244871529e-08 -5.3596417196667776e-05
-3.3302735964783284e-06 -1.2530679247262783e-08 7.8632609855883162e-05
-2.468650108469056e-06 -3.9900870964974886e-08 1.9286382283668999e-05
2.6394608771199146e-06 7.944525518346901e-09 -5.3664457754670249e-05
-3.3275026677728747e-06 1.5573466376293116e-08 7.8618252330971139e-05
-2.5177261785274156e-06 2.3050449746847557e-08 1.9305628280986758e-05
3.2147773475687744e-06 2.5833487155094972e-08 -4.5335758958341132e-05
-2.4961926817795464e-06 -1.499189985075842e-08 1.9246057143322949e-05
3.2591803399440724e-06 9.6081522564788347e-09 -4.5338804965919244e-05
-3.3759519206387912e-06 -5.8442877813136111e-10 7.8633868125232986e-05
2.6248924809325891e-06 1.9889403842770896e-09 -5.3656535815719934e-05
2.6663736459008047e-06 -1.9854061970770614e-08 -5.362942521306281e-05
-3.3092223998416577e-06 -2.1949715328601965e-08 7.8633213336232188e-05
-2.4741459031181229e-06 -2.8250981600449126e-08 1.933628060676938e-05
3.2103922113328742e-06 -2.9939584171042146e-08 -4.5335336053640291e-05
-2.4625323021469994e-06 1.6635119011464589e-08 1.9288012541852657e-05
3.258281607453734e-06 -9.9996683849967738e-09 -4.532201654329493e-05
-3.3686481163954169e-06 3.0659300098712094e-10 7.865544013677464e-05
2.6422384725509167e-06 5.1634938490717486e-09 -5.3612879335370768e-05
2.5852174941728891e-06 1.7632928037830675e-08 -5.3622904437158978e-05
-3.3383544348225026e-06 1.7789961020259724e-08 7.8630410192417899e-05
-2.4652361972944681e-06 4.3286395080854335e-08 1.9276510020752773e-05
3.1348553806477292e-06 3.8715695922612869e-09 -4.5372575993157804e-05
-2.4472748550285334e-06 3.7694899409322635e-08 1.9308321247573463e-05
3.1447822954368265e-06 3.7936704799703541e-09 -4.5329868879062651e-05
-3.3522726689064197e-06 1.606573115048391e-08 7.8655682510760105e-05
2.624506727091718e-06 2.3007852680131599e-08 -5.3598682108183708e-05
3.1489765023751809e-06 -1.6077240357157546e-09 -4.5349117605290173e-05
