-9.6960955281340244e-06 -9.2873163170387185e-07 -2.7868252737012211e-05
-2.1656552022737956e-05 -9.5716309669804735e-07 -0.00013994320378970745
-2.5962192259256726e-05 -1.0091776536415298e-06 -2.5742381523606583e-06
4.0114340400711906e-06 5.7812414072135054e-07 9.1645329398579167e-06
-1.2105460849566726e-05 -2.5430460895599361e-07 4.288928158284141e-05
-8.8188778143026472e-06 1.4990122568570084e-07 3.6485750065304301e-07
1.2571304067978111e-05 -1.0282171940881652e-06 -7.8070561212289277e-05
-2.6984015226313995e-05 -1.789526768936322e-05 0.000115003388371259
1.6625774303752122e-05 -1.6022983432534277e-05 -9.8144221894469474e-06
-6.1880333029763323e-06 -1.2616225042684048e-05 -5.9307444945241872e-05
1.9375470356707654e-05 2.4197246487878826e-05 -3.6417715528893474e-05
-7.0533801764989263e-06 -4.6105984287969116e-05 -7.7311398640218755e-05
5.0506875654112229e-06 -3.390406761730289e-06 -1.8429837748853289e-05
-1.9592038438159039e-06 1.1550078864522154e-05 9.5089918569560283e-06
-3.122657092065567e-05 -0.00016713390439561783 4.9419312878271342e-05
-2.7409374181011636e-05 1.6330925311213069e-05 0.00011493101703215431
1.5986412059846699e-05 1.5466276289006651e-05 -1.029891980098771e-05
-5.7177675124636586e-06 1.1215133857297608e-05 -5.9427058989563585e-05
1.8617603731691012e-05 -2.7269865442392703e-05 -3.5338122145754658e-05
-6.6031423268089122e-06 4.5106466367728938e-05 -7.7918663637772511e-05
4.6971958881034939e-06 2.7005009952191174e-07 -1.9393003436847522e-05
-2.6915031519495532e-06 -1.221995175250401e-05 9.7850591947133692e-06
-3.1289711878899895e-05 0.0001646487795424899 4.7478805425945768e-05
9.5959587093949906e-05 -1.4116206649185392e-06 0.00010412189806505981
5.39775746301774e-06 -8.0113340136637751e-07 2.955811361241012e-06
3.6760808564841865e-05 -6.5562431795913281e-08 -7.7893549343185844e-05
-2.0078905800152312e-05 -2.8647662259767559e-06 -5.2522667850645605e-05
1.877150520727261e-05 -3.0909697620948922e-07 -3.3293603467828871e-05
-9.4543538199480526e-06 -1.2921623058292995e-06 -2.4716050898709874e-06
-6.8021921854458144e-06 -1.0420642035579783e-06 8.1826953745520181e-06
7.8638625337071853e-05 -1.2023097258877929e-06 6.9147390476050454e-05
1.6265249583278423e-05 -3.5946431512614077e-06 -5.1099297436317526e-05
-6.0435706340178363e-05 1.4783860166950021e-05 0.00019647714672954564
