3.0550548626752383e-05 -1.7770796990057569e-05 -1.8749437326121259e-05
-1.7316263219981532e-05 1.0092936640315828e-05 2.4867951577672593e-05
-1.7907624928607292e-08 -1.8240663846730287e-07 3.4493219139672578e-06
-1.7561751330346764e-05 1.0105503446678713e-05 2.519563915929059e-05
2.4989408315898021e-07 1.2196410840038113e-07 4.9245316290883086e-06
3.0596752734575114e-05 -1.7506168843772763e-05 -1.853814754098097e-05
-1.748573564834679e-05 9.9431980104414813e-06 2.4432329459697383e-05
1.6224369800855315e-07 7.2925490738132148e-08 -1.5756494605267783e-06
3.0678983725718201e-05 -1.7800234073717114e-05 -1.8917491910314371e-05
-1.7299099652580158e-05 1.0184804206542393e-05 2.5404938221698387e-05
-1.5150258336402416e-07 -2.6935810998329757e-08 4.6620356881185883e-06
3.0605008746631412e-05 -1.7613995032528251e-05 -1.8471870406394902e-05
-1.2268766436257517e-06 2.6021342670878855e-07 -3.3487301977128212e-05
1.7635667686820725e-06 -4.8184292019770396e-06 5.5317575505891246e-06
-1.5620284294867639e-05 9.1548147876227212e-06 2.7140530771443874e-05
-1.5553861508047591e-05 8.8070832829313314e-06 2.7289859903434268e-05
-8.2502245801372668e-07 8.9199868969630502e-07 -3.2927501446752914e-05
5.7087657645699119e-06 5.0263639513048464e-07 6.6216732696549284e-06
-8.503285915649212e-07 3.895486558585376e-07 -3.3143287973042782e-05
7.2197693297840822e-06 -3.4192286641317941e-06 5.3351653147375687e-06
-1.5449139940598396e-05 9.0694256512664079e-06 2.6891015691644839e-05
-1.1995143787788421e-06 7.1324985702900592e-07 -3.3529920965466673e-05
3.1771203302761254e-06 -2.5782576649166803e-06 1.1730223885350523e-05
-1.5469924477550228e-05 8.7209696388052677e-06 2.7894121477538194e-05
