5.0325502929660093e-05 -2.9318660202393154e-05 -1.4518734445467807e-05
-2.0620294134971861e-05 1.1722492225425818e-05 -3.3890791854229718e-05
-6.0816191477242043e-07 7.383702085306254e-07 -1.0974686011501478e-05
-2.0638642066063743e-05 1.2075272571590578e-05 -3.4625632519116878e-05
-1.7374015530192163e-06 6.3488166148536335e-07 -1.0186099344985933e-05
5.114591315682343e-05 -2.9528780597063678e-05 -1.4596051436527313e-05
-2.080483752140268e-05 1.1924714099165179e-05 -3.3457124935562521e-05
-4.5971635345818285e-06 1.6342739240131701e-06 -1.1656226244015355e-05
5.3278920968517079e-05 -2.9686177163590344e-05 -1.4591422999754577e-05
-2.0836611887103419e-05 1.2178967706147695e-05 -3.2870460126746548e-05
-3.4151309705515633e-06 3.0003265348637828e-06 -1.0269875335727763e-05
5.2262139443981503e-05 -3.1182509023230942e-05 -1.4333104125019425e-05
-6.1935600880851094e-06 3.6328103311909776e-06 -2.0174427927177607e-05
8.8668159042293304e-06 -1.4936763352846327e-05 -5.4035917154138247e-06
-2.3136401377195359e-05 1.3047077751807135e-05 1.977076522585719e-05
-2.242990743972495e-05 1.331470797150125e-05 1.9684378404438707e-05
-6.0887336229536321e-06 3.4557753560982007e-06 -1.6798252000321812e-05
3.2293010888251317e-05 -8.7556352271755955e-06 -4.8543638477838158e-06
-6.0661331217990583e-06 3.6675322313377279e-06 -1.1903863160273032e-05
-1.6099830790428094e-05 2.6657379830985484e-05 -5.6316463303840436e-06
-2.3687735487554207e-05 1.4195931031579789e-05 1.9620064823921979e-05
-6.1497409413005543e-06 3.3957981859997211e-06 -1.3782831342817881e-05
-3.9827595307826916e-05 5.6358922064791983e-06 -5.0589977207138315e-06
-2.4430054325244805e-05 1.3579228817506284e-05 1.9917983262729422e-05
