6.3847087110023852e-05 -3.5937855897144599e-05 2.2466974740812003e-05
3.0742189722513156e-05 3.5428270736940516e-05 5.0132269403879888e-05
-4.6503102682884587e-05 6.0242049827893829e-05 1.4747414455553061e-05
-1.012211078499272e-05 -1.5474681485301914e-05 5.0985999295424973e-05
-1.4204117605054467e-05 -6.3265960252752163e-09 2.0625659403421866e-05
1.7037334895291315e-06 -5.2978073390454704e-06 1.7640291517567654e-05
-3.2673954157964868e-05 1.1976458763949791e-05 1.1656999704126418e-05
3.6771516454255776e-05 1.2712972242478159e-05 -1.5234057693341678e-05
2.132832394171452e-05 1.9614025817713682e-05 3.2490410166413457e-06
-2.5916238710427156e-06 -1.3431825427994565e-05 7.6323456216892925e-06
1.9024382927799288e-05 1.3500994662297867e-05 2.3098451788119544e-05
1.8924565945203232e-05 -1.6485640020631384e-05 1.3663869328756247e-05
2.7785183462520528e-05 -2.2252073148756749e-05 5.4725515939143231e-05
-2.9863360852229264e-05 2.8586255540801939e-05 -8.4132205266113785e-07
1.0493887316056008e-05 -1.0039360834802891e-05 -4.0792730188502976e-06
-5.9164930898570472e-06 3.4899427765397451e-06 -3.6031035358157978e-06
-1.64851613158358e-05 1.3633366865530884e-05 2.05168752434896e-06
-7.6612687203666101e-06 -2.0587177676500978e-06 4.4456036683996562e-05
6.3246944579653519e-06 -2.4841536577818041e-05 3.8315680578404968e-06
1.9354912163303052e-05 -5.0091348443581651e-06 -1.256600649492557e-05
8.8384549213329708e-06 5.6617258640395685e-07 -1.3733896163106545e-05
1.7351041792235122e-06 1.4377613476890261e-05 -8.3503047523217529e-06
-1.308235542789131e-05 -9.574527659237525e-06 2.2317729478734359e-05
-4.7075584294446748e-06 -1.1276732266418676e-05 9.8311131519731101e-06
-1.3849435144150078e-05 -2.1788251033763237e-05 -7.7564805032849862e-06
-1.8878617533343856e-06 1.3370276972454916e-05 1.0884433638977658e-05
-1.744448127367417e-06 8.6832709527797421e-06 -1.7212693051739218e-05
-1.3930348978542784e-05 -1.0177228909336034e-05 2.6121730468733721e-05
-1.2024316480317015e-05 -1.6035787684283431e-06 4.0599070312589622e-06
2.5308018476444261e-06 -2.945509406797255e-06 -1.1556471509746417e-05
-4.206177434294342e-06 4.318241757395036e-06 -4.7077407407123198e-06
-3.5891307928683663e-06 1.8783740807735088e-05 -8.9263028471868108e-06
3.7749571428481688e-06 -1.8114808719299491e-06 -6.4513978041730487e-06
5.3402292458271279e-06 -2.5289004740372545e-06 2.4453916598460128e-05
-7.2078313955271445e-06 -1.2277639801825876e-05 -1.4029788324147752e-05
-2.3430069629085257e-06 -1.0903406027796866e-05 -2.4512539124257795e-05
3.3711272178385369e-06 8.4027169532444046e-06 -1.0604547961085356e-05
5.4200025883955223e-06 1.9456287976469505e-05 -2.2298226349387607e-06
1.0866879668011177e-06 1.754974166284437e-05 1.0607649012081208e-05
-6.3862273208775379e-06 -7.4077907450541443e-06 -5.0114262808180141e-06
-1.4375086590744791e-05 8.067130228796987e-06 1.493154046910191e-06
6.426786362764207e-06 -7.8567041069798477e-06 -1.1361651669272894e-05
2.8623423195608955e-06 -5.7586003886916926e-06 -1.6644844825527798e-05
-1.4312798172804873e-05 1.3860479320469132e-05 4.3221567709050314e-06
3.7760215756132975e-06 1.6750165799550576e-05 -2.3039634275179126e-05
-1.8467837436995601e-05 -1.5867325006677416e-05 1.0028786605245817e-05
-1.2785691291833527e-05 -3.0214719121399777e-06 -1.0283515909940456e-05
-1.9705071439045721e-06 -4.5261192884961041e-06 -1.3768400987104572e-05
4.1364324898168501e-06 -5.0360521202835975e-06 -2.7090732589298266e-05
3.3613971089536954e-06 -1.4975790179408421e-06 -1.2076852340572007e-05
-1.5052468787883669e-05 -1.7208432165904952e-05 -1.7387488384787257e-05
-2.6947023667190859e-05 -1.7870561559909376e-06 -7.9179740787699814e-06
-2.0683848207760327e-05 -9.4554192967632917e-06 -6.516822416077761e-06
-2.2361817091705475e-05 3.7406004517981076e-05 -3.9872367376723485e-05
1.198700136417763e-05 5.7133573826417816e-06 -1.1658739732325635e-05
6.5305198631406881e-06 -8.1939263301934132e-06 -8.1130830755782313e-06
-2.2206664245814911e-05 7.6530745521039001e-06 1.4138781790038434e-05
1.5485167937784317e-06 -5.1649004336892465e-06 -1.6489416778851622e-05
-1.3861761471460771e-05 7.3250289601145546e-06 -1.1917717352471439e-05
4.0482353663392513e-06 1.0076033488310571e-05 -2.4552180283578598e-05
6.3663316283643634e-07 7.275891657363559e-06 -2.0874472440458001e-05
6.4910125573101884e-06 2.7498186568178373e-05 -2.5091943187745443e-05
-1.8402069305638313e-05 -1.1171326786971539e-05 -3.0620405565750554e-05
2.5817372379451087e-05 -2.314063022125154e-05 -2.38880646266015e-05
1.3041376048853609e-05 -1.8182068741851021e-06 -2.2850030476368431e-05
2.0299578503404567e-06 8.8131433401833492e-06 -1.7751808081652685e-05
-2.1567571652966397e-05 2.1948481347955351e-06 1.827633960748646e-05
-7.5094127946232977e-06 1.6018245717678079e-05 6.2899905992840587e-06
-8.6726514036683522e-06 3.0495313045608707e-07 2.8900295638013308e-05
1.2817391797235994e-05 -2.842339417380782e-07 -1.6699169470399313e-05
-9.6684390464382023e-06 -1.9152112145230313e-05 -3.9322504943572686e-05
-2.1589754069958195e-05 -1.9766847435452595e-05 -3.047469685546738e-05
-6.1392774986304688e-06 -3.5402726359066994e-06 -2.6886181793648115e-05
2.3792235196564534e-05 -1.7176513144998352e-05 -2.5474017835927336e-05
-2.2181674684648017e-05 -1.3337207454197468e-05 -4.3185286482570577e-05
-1.11141595227018e-05 -2.7656835516955028e-05 -8.1508284691528265e-06
-2.9134475204743634e-05 3.928601058501846e-06 -2.8347797843638559e-05
-2.6520345374932142e-06 5.8264497045292657e-06 -6.7469609134731059e-07
-8.6600123034435983e-07 1.9703832947678968e-06 -4.2329981185856326e-05
-3.070223726040584e-05 -1.1795110382182769e-06 -1.756997923315403e-05
-2.4701249328983044e-05 1.4164563707158313e-05 -3.0091006657878127e-05
1.4705587693827253e-05 7.8396034449350165e-06 3.4879536823407588e-05
1.8462424158161191e-05 -4.6867013319129569e-06 -7.2040971943441307e-05
1.7634070941160811e-05 -4.167329016401683e-05 -8.6576109387169996e-05
-7.5116010070808842e-06 -4.2797680200601373e-06 1.8965887474427408e-05
5.3646036451744259e-06 1.2778811801332501e-05 5.0146285886028437e-05
1.2657069226290618e-05 -1.516822884480018e-05 6.1409526895058082e-05
1.0289234751770238e-05 -4.3341138508609656e-06 8.2749540374670374e-06
1.6920202686227306e-05 -2.3304643701725636e-05 2.4904992990700155e-05
-9.6366317533166934e-06 1.2779433323093208e-05 4.3823971707588651e-05
-1.5288627309021155e-06 -7.3602211676463553e-06 1.8766145660036905e-05
-3.2498689683108095e-06 -4.8111212735540976e-06 4.2659287415134674e-05
2.984627742809616e-05 -7.2076410816968028e-06 4.1174534669623404e-05
1.1729969103024082e-05 -5.8301127420223864e-06 -4.8310906490484432e-06
5.0420705538510815e-06 -9.5124039403283431e-06 2.3343322811877378e-05
3.2570529088199774e-06 8.5414521010585063e-07 3.0355891344196508e-05
1.2526029997683708e-06 -8.0235136849723943e-06 2.0105789723363389e-05
-1.7153273702500554e-06 1.3528857110407886e-06 1.6123398329942647e-05
1.4625807295415294e-05 -1.6233856488176435e-05 -7.0078791033966956e-06
-7.1585112804313511e-07 -2.319112440645095e-05 -7.6229523568839899e-06
1.0249512052450588e-05 -4.2311768151826606e-06 1.1671117315180564e-05
-1.0534977881915611e-05 6.0318747193040256e-06 1.5575667494475802e-05
9.3087078967268866e-06 -3.3908913317261258e-06 1.004126576989884e-05
5.5165671216622462e-06 -1.0194799526396306e-05 1.32661722687848e-05
2.1639358862641372e-05 4.8781733468922228e-06 -3.5078305972444448e-06
1.443680216256754e-05 -1.07422015234294e-05 -1.4286453849535717e-05
8.3498456962677325e-06 -7.3566082904458208e-06 8.2884640394955897e-06
-2.0208029168355957e-06 -3.3412774972166326e-06 2.0851603354515337e-05
7.3858439972145085e-06 -6.4068925400215249e-06 -8.4551559242215454e-06
9.951403105534426e-06 -2.2363471075970837e-06 6.1864853726405558e-06
1.6001382228897701e-05 -1.2279252848482192e-05 -5.876554830970375e-06
1.864369056098214e-05 -2.6011676101219544e-05 1.9266772385813716e-06
1.5188896901441318e-05 8.071394591691039e-06 1.460543172070259e-05
-1.1589957279213581e-06 -9.7666578744645682e-06 1.9603178029185993e-05
1.9172410632893599e-05 -1.0951687780764996e-05 -3.7523223212950103e-05
9.6331096652836213e-07 -2.8414966328165966e-05 -2.2753869444241785e-05
1.2534064481057889e-05 4.2373786515559342e-05 2.3176157556471962e-05
2.0387037534710847e-05 -8.250211212681863e-06 1.0786487878573954e-05
-8.9262608207046901e-06 3.1347959274077852e-05 1.570477785054359e-05
4.9663608942156006e-06 2.2448322028398304e-06 2.8952576309378315e-05
4.4799319286366324e-06 -1.6633528239603373e-05 1.3837287492771827e-05
9.3982208380933435e-06 6.1146549036536491e-06 -1.1941329350808466e-06
-1.2906224004551048e-05 1.7954920676216402e-05 2.6560247635193726e-05
-1.9469380954453136e-05 -1.0319606839555989e-05 3.4608096211748846e-05
1.7498634496959653e-06 -7.4971740600809911e-06 3.0856537167601311e-05
-1.4070195884320496e-05 3.0786380983084788e-06 3.518479204954808e-05
-6.6297409212073731e-06 7.6886473618676147e-06 2.7811941742814789e-05
5.5643112080944537e-06 -1.2870205309047436e-05 2.3177129091490195e-05
4.9403525521515791e-06 4.0747839494740916e-06 1.5140695236837143e-05
2.8970375769822934e-06 -1.1985163089246699e-05 2.9926754954320844e-05
-1.2106746604872987e-05 3.2857113210070944e-06 3.0965087225120341e-05
-9.7473136386496111e-06 -7.8275446625721695e-06 1.3105917405305603e-05
5.7772324995003337e-06 1.2964277785256243e-05 1.6760696823792456e-05
-4.5511079033495492e-06 1.4093725470900437e-05 1.9907216045335699e-05
7.0438340630328257e-06 -3.2792682469803131e-06 1.8722562152660022e-05
-2.4657636651360081e-06 -2.44593527671375e-06 2.2401316489215062e-05
2.476121216438143e-05 5.2908057166789479e-06 5.1031015920622452e-06
1.2066786662861618e-06 8.7787596533589647e-06 2.3190531545485768e-05
-2.212959491438779e-05 1.2189610951465757e-05 1.196361483547792e-05
1.5581173650053726e-05 -8.8322090887444325e-06 -1.0095127951029875e-06
-2.053566178812638e-05 2.4934244419221735e-05 1.0248577652235968e-05
-1.392693600564196e-05 3.2836952957616961e-06 -2.715463474394289e-05
2.530167510148007e-05 2.1673255722193252e-06 -1.3874215274881779e-05
-8.3361579631545903e-06 1.6340641129587025e-05 -1.5751386830164735e-05
2.0504913499502786e-06 -9.1292008826127091e-06 9.2815906935911352e-06
-1.171406552202825e-06 4.7438802403543257e-06 -3.5046836222967989e-05
3.5001865990563763e-05 -1.9838973355917888e-05 3.7260720500803882e-05
-1.3274064587079359e-05 1.6310570177036077e-05 -2.7243239048185472e-05
-1.1299067463034496e-05 -3.8209446640333211e-05 -1.6962240585965786e-05
1.556635442449307e-05 9.4188953759129224e-06 3.1458797121585585e-06
-3.6285827334532963e-05 1.328432687286267e-05 -2.9604882828045825e-06
7.699625099779131e-06 4.5701804162819222e-06 -1.6737722357412776e-08
2.8726163850648079e-05 -7.7981164731122377e-06 1.0833575663860354e-05
-1.7742235639051085e-05 1.4662105708607154e-05 -1.7632994290131196e-05
5.2050610960946431e-07 -4.7353000445782278e-06 1.568038386490396e-05
2.0576189607192374e-07 1.8527603270376315e-05 1.4996587365721792e-05
3.2591751913649508e-05 -2.9187279871376417e-05 1.942973678802952e-06
6.610684694216094e-06 -2.8554572071806725e-06 -6.1211177827032864e-06
-1.1713013739630962e-05 -3.569255290446216e-05 6.9151627906981553e-05
4.2238010673525463e-05 2.3651126359732612e-05 1.8119549246406637e-05
9.8419247332726112e-06 -3.5529556680416463e-07 6.750550652002453e-05
1.6334720002064707e-05 -1.3178236751981709e-06 -8.4836405121798547e-06
2.4460621993953324e-05 3.6542866989869305e-05 -5.1930717631844953e-06
-2.4101420601989332e-05 -2.8693382559570602e-05 6.6316749510098374e-05
1.9789515614437807e-05 -6.7066551948872632e-07 -4.1227567542302668e-05
-7.5404621118629889e-06 -2.0225938011632361e-05 -3.8805927204451501e-06
2.9850645315451785e-05 2.3014686994643485e-06 -2.3039801051927787e-05
-2.9568066153321318e-05 1.5984106569832957e-05 1.92219277982816e-05
1.6091845994334678e-05 -7.5902445342002078e-06 1.6884793766479625e-05
8.037614684948689e-06 -1.1767435398504777e-05 1.1359141450503069e-05
-1.2521834212656782e-05 -4.3040272908181671e-05 -1.5264126383237285e-05
-1.7205317463124536e-05 1.2780309480861507e-05 3.4816687986239173e-05
2.9662036080679854e-05 -1.0389380860360148e-05 3.4543931794995056e-05
-2.9710228405116501e-06 -1.4416350866672256e-05 6.5392546295481996e-06
1.3215400521793264e-05 1.1756864796763633e-05 2.1051403333114532e-06
1.1074018229723093e-05 -2.0761057235363367e-05 -9.2408564176162805e-06
-2.3800195693847014e-06 -4.5380261305127956e-06 -1.0464776739943157e-05
2.1661323813227034e-06 2.5711260708105588e-05 5.5090373198103323e-06
-1.4266720595963733e-05 8.1907538678066549e-06 1.0158519411268899e-05
1.516265409923917e-05 1.7367929866896059e-05 5.6891560373821884e-05
-8.0007153844138639e-06 3.116206150506444e-06 2.9729527952566254e-05
-1.5768290754537839e-05 -1.3918517468070046e-05 4.0488933582015496e-05
2.2275467273284244e-06 -5.1984450405062817e-08 -2.4972932812511971e-05
-1.9327452092980646e-05 -3.7284673019832848e-06 -5.515587661873364e-06
2.0923028118791098e-05 -1.6625924786836666e-05 5.1147270465155131e-06
1.4704918853255197e-05 6.4540854187992256e-06 -3.3538970919870167e-05
-8.29322585696457e-06 9.3173450371100003e-06 -3.9664222074719743e-05
1.680208893679021e-06 -5.115858777472726e-07 -7.1519066031444992e-06
1.3415948064030217e-05 2.4090012925200354e-05 1.7680929217053082e-05
-2.5023422506115883e-05 3.9833058881503151e-06 -1.7206054877112048e-05
-5.4264523406315299e-06 -2.4163204534786466e-05 1.5251855510651016e-05
-1.3038948837293396e-05 7.3273081777009211e-06 1.9008965211670184e-05
1.5886910505865246e-05 -4.0409885319059313e-06 -1.5334474334717865e-05
1.0427596360287894e-05 -7.0061629181966678e-06 -8.3720689044042979e-06
7.3617263843563097e-06 -3.263631810579426e-06 -2.8459642473775346e-05
-1.2423524398756989e-05 -1.9613441009498807e-05 1.8943507602434476e-06
-8.6197748997568491e-07 -1.5027528292740205e-05 1.5024238797419973e-05
-1.9189669760435665e-05 4.2631935140450758e-06 -4.7065269777636642e-06
1.4940221165521406e-05 3.3476089238704265e-06 5.8107405643426785e-06
-2.475518189987147e-05 -2.8398833535711598e-05 -1.8868837495874743e-05
-3.1617965659591629e-05 -1.5537201351611962e-06 1.8999086808116697e-05
-1.8938027916135956e-05 -9.5767823717592202e-06 5.274320918638789e-05
6.0104970035640415e-06 -4.9186736285761201e-06 1.856366908302258e-05
1.0773013637631335e-05 1.4863448329023587e-05 2.1471637266670326e-05
9.5290736631383364e-06 2.1721591804316209e-05 1.0439837609845307e-05
5.679568917263747e-06 -5.9409794720306774e-06 -4.2004205695157087e-05
1.3799785281598531e-05 -6.3289145426775884e-06 4.6177537541847516e-05
-2.3046723972255934e-05 -2.123701778974918e-05 8.0257825995650595e-06
-1.5819745284357031e-05 -8.3557249316038331e-06 -2.3975494340353239e-05
-6.6098594179650472e-07 -1.1153618347809011e-05 -1.8474665860931591e-05
-8.2620510637038125e-06 1.5105124530914726e-05 9.1772944273097595e-06
-1.0565384296730429e-05 -3.3076410625026975e-06 4.2155413505218231e-06
1.3378217613102539e-05 -1.9141102093236939e-05 1.036482701558851e-05
9.6303945069792229e-06 -6.2660670234419152e-06 1.2599006241101676e-05
8.1944288641902507e-06 2.7306931343895613e-06 -1.6315294596785587e-05
-2.4774145323211856e-05 -2.0212165846951968e-05 -2.0052069794695634e-05
3.1352736924249169e-05 1.7861120580393852e-05 4.2908573460504265e-05
-9.5564721967703742e-06 4.581404887855911e-06 -9.8745347832853575e-06
-6.5973533003235718e-06 -6.9515834224820328e-06 5.8064715205367184e-06
6.7563447943737309e-06 -2.2452467310085655e-06 1.495723912679249e-05
1.5949481421161463e-06 5.2999315449765239e-06 -2.7655831907091519e-05
-3.2426197538498121e-06 -5.5930204914955706e-06 -4.1899686794881139e-06
-1.4464951916620672e-05 -1.285212022770349e-05 -1.3060750887921788e-05
-1.2288420074676302e-05 -2.32798274767132e-06 1.3342383476161804e-05
1.1312428873394564e-05 2.0455791774592891e-05 -3.2753633316373251e-05
-1.0952523238252909e-05 -1.4307037295879788e-05 2.2197626969333931e-05
-6.9021708707719953e-06 1.9457725427551864e-06 -2.060372698150896e-05
1.1985310016820322e-05 1.3320571397801295e-05 -3.2041493052034978e-05
-9.9326970814730964e-06 -2.0167835682982638e-05 -1.238564877195647e-05
-9.5696550436799588e-06 2.1074252788437151e-05 1.5656119234411583e-05
-2.6227806336599241e-05 1.2978045513514151e-08 -4.1721453499822536e-06
-2.5332054271472171e-05 -3.5357351238080037e-06 1.3485655170198188e-05
-3.4236337969756336e-06 -7.8385932618385556e-06 -1.3905786884460189e-05
1.535387417750389e-05 -2.3609419002763865e-05 -2.3590022212754622e-05
-2.3689272323990096e-05 1.3294192346378908e-06 -3.7758384836324849e-06
2.0189585167095653e-05 6.2197641824482397e-06 -2.593021306684061e-05
-1.7364374762497692e-05 2.3590961056828286e-05 -8.3484431106697204e-06
-7.0480233032630914e-06 -7.1276001557485179e-06 -2.466427482410681e-05
-1.972610693098259e-05 -3.0486169475815034e-05 2.0668560675807593e-05
-1.9235840677849642e-05 -1.6579220345796369e-05 3.7763853268557926e-05
1.4331376711893541e-06 1.2428994597794637e-06 1.3106882372162891e-05
4.6330769784275194e-06 8.5144389981306468e-06 1.2610739911178906e-05
6.79519801005668e-06 2.6096469904039049e-05 2.8825857848783012e-05
1.089174172404922e-06 1.0666012152259555e-05 3.7586263831913824e-06
2.2380516355251612e-05 -2.1067256111154481e-05 -1.1364384879296655e-06
3.4931193033729824e-06 1.8725874272748633e-05 -3.1448776888922877e-05
1.6112307115515728e-05 -1.2904211701408354e-05 1.8278616645528087e-05
6.9193290519915795e-06 3.3449394886090472e-06 -3.5233387203117625e-05
-8.6240374345952905e-06 1.7303129756944535e-05 2.9095185060961162e-05
-8.6776375473329725e-06 1.8991483306321499e-05 -2.8495198231680112e-05
-8.466700156171264e-06 4.6650997091168822e-06 2.7471897036460136e-06
1.1428747665187533e-06 1.6315576788050734e-05 8.8300544893223781e-06
6.7229926517670124e-06 -1.2435018705875267e-05 -3.0033833642422944e-05
1.0380508487409235e-05 1.7331834357384168e-05 7.7920541298633073e-07
-2.4748840493360458e-06 2.5458765543384665e-05 1.9731538409927148e-05
1.4984575873108752e-06 -3.0158813385725708e-05 -1.3222631846209268e-05
-7.6968683133084984e-06 1.0645923866774455e-05 -6.0999693459384483e-05
-1.4942031095185234e-05 7.2309382145863133e-07 -1.9866266311471467e-05
-2.3763865378195748e-05 -1.2864579259364017e-06 1.9352798156598364e-05
6.4039384720382397e-06 1.6952255503480118e-05 1.4444702349897601e-05
-1.054460465041776e-05 -1.7386366451280222e-05 2.2143920205016862e-05
3.6229083958293912e-05 5.9477301338909175e-06 1.4608293927376517e-05
-2.1413918863123494e-05 2.5292006391558582e-05 -2.0963723990023025e-05
-3.5588383545032999e-06 1.9445821070872629e-05 -1.4927393306300371e-05
-9.3033697399352855e-07 -1.0095673216581336e-06 -4.3691802955997047e-05
4.0987384882229527e-06 -1.6026741270255829e-05 -5.7330958063128365e-05
-4.7035738298465772e-06 -1.2894175885422924e-05 -4.3909485338128156e-05
5.5608017634684037e-05 -1.0836494464670776e-05 -4.8668805552506619e-05
1.7176204403053155e-06 2.9954487133969154e-05 -1.5538814713838764e-05
5.6863637962560511e-06 -1.562378644501955e-05 -2.8840813079999625e-05
3.2744591682898339e-05 -6.4444282750486526e-07 -2.7411324048548166e-05
-1.5302075735149079e-05 1.9745385739917271e-05 3.5231977920694227e-05
2.271934272865539e-05 1.3948962491933115e-05 2.4514907013101564e-05
2.1103145146625368e-05 -7.7731936401759238e-06 5.1280670031548375e-06
-1.606131326259419e-05 2.294515424561272e-05 2.3049794727422572e-05
-5.0730603817881844e-06 2.9478156455126081e-06 -1.6555730857145332e-05
1.2036302690415692e-06 -3.7820061204174582e-06 1.1212376043118547e-05
-2.6954908247246983e-05 8.890507911774384e-06 9.4282568793950527e-06
4.0934327855792805e-05 1.5529051381074329e-05 -5.9173777870404412e-05
-6.8748114789157766e-06 4.9748259973239617e-05 -3.2010461491793415e-05
1.0620996435666227e-06 -2.9768888154854678e-05 5.966974171160884e-06
-5.9008279606753971e-06 4.1317815718187588e-05 -7.0479935013042713e-05
-3.8885483013145761e-05 -2.1771677260751243e-06 -6.1632111721948366e-05
6.0442757550839267e-06 1.5109203212313371e-05 -6.8649753903604963e-05
-2.3693182235329235e-06 5.1805634409679557e-05 -3.0811576274998587e-05
1.7230015929657915e-05 2.6818864074414126e-06 3.8998595318553292e-06
-1.2416050659179445e-05 5.8773679066925766e-06 -2.8965274794795146e-05
-8.1784526376679767e-06 -1.3440378433482447e-05 -4.3955457321745613e-05
