6.0203289714455543e-05 -3.5810720335073543e-05 -4.2087216318709153e-06
5.9633430391503595e-05 -3.5510258604931622e-05 -4.3894974531832887e-06
5.9702649752246817e-05 -3.5459028062789777e-05 -4.354217030932972e-06
6.0277035009249913e-05 -3.5777671320014193e-05 -4.0974830324280731e-06
-2.3313919431049482e-05 1.3609246051331475e-05 1.6175238736204633e-05
-2.3926433501976626e-05 1.4022808554670085e-05 1.605849596749559e-05
-2.4016822413708283e-05 1.3955095847395516e-05 1.6085825376710439e-05
-2.3443171900724042e-05 1.3607099440149373e-05 1.6213559653796561e-05
3.1672320339537832e-06 -3.9015762535717178e-07 -3.9686425547511006e-05
3.9252596441129053e-06 -4.8915971465036089e-07 -3.9497896294232726e-05
4.0769443349670956e-06 -6.7423327306881733e-07 -3.9715065039788722e-05
3.3486725021375507e-06 -2.6849428014230625e-08 -3.970773115157672e-05
-2.4667517160591504e-05 1.3977304615247392e-05 1.3333569335853557e-05
-2.4044774603789696e-05 1.3724404591880512e-05 1.3276178698534702e-05
-2.3974800558560725e-05 1.37228081027326e-05 1.3346627063551275e-05
-2.4538898910632671e-05 1.4074585741541412e-05 1.2985324101009998e-05
3.1135062888886975e-07 -1.9118875251725523e-06 -3.897972834650959e-05
-3.4051136661765674e-07 -1.5131532073867429e-06 -3.8895677926101269e-05
-3.6544465115140312e-07 -1.5040064033633449e-06 -3.9411050599749697e-05
2.621558591093154e-07 -1.9526551595710692e-06 -3.9134493750841992e-05
6.2721533891307857e-05 -3.5392123383548579e-05 -6.8732210722344256e-06
6.3249331904299648e-05 -3.5724460643565825e-05 -6.6044318129954149e-06
6.3294545431080707e-05 -3.570901175464769e-05 -6.7799589743011701e-06
6.2732512930181207e-05 -3.5381638516824611e-05 -6.9695300156102924e-06
-2.5393155187111607e-05 1.4239012595051287e-05 2.0051317781002997e-05
-2.4790665501872589e-05 1.3954366074431235e-05 1.959602635381863e-05
-2.4702022889305206e-05 1.3977926910801563e-05 1.9372245377985431e-05
-2.530038502038308e-05 1.4314987737122534e-05 1.9809400556056178e-05
-8.4077586909525538e-06 1.8277690894937318e-06 -4.0091267256063545e-05
-8.8802179198139042e-06 2.4010751788495479e-06 -4.0827733628207019e-05
-8.8567901080915945e-06 2.0660467030808594e-06 -4.1032292248832647e-05
-8.3925086915848102e-06 2.1536747283612545e-06 -4.0212231991909597e-05
6.9140786781159841e-05 -3.7364199625578021e-05 -3.4588321717599069e-06
6.9445874593482282e-05 -3.7545638593039499e-05 -3.0509424681635089e-06
6.9475333502079517e-05 -3.75268414937735e-05 -3.2171730487695616e-06
6.9152450855852927e-05 -3.7347210923162637e-05 -3.5304204427100139e-06
-2.4779549138156579e-05 1.4750443162472112e-05 2.1931166543129321e-05
-2.4216967499936584e-05 1.4399969064105012e-05 2.1240869100325188e-05
-2.4249079282428744e-05 1.4321970998804664e-05 2.1419966056646089e-05
-2.4865409379562395e-05 1.4725455440567359e-05 2.1709070277993459e-05
-4.5900124263503761e-06 5.4482395099612543e-06 -4.0449066132736133e-05
-5.0226175789934045e-06 5.6878470866825789e-06 -4.1068717306816382e-05
-4.9076362747589402e-06 5.8075910370207918e-06 -4.1404546116133312e-05
-4.4638636453836846e-06 5.4980551832370427e-06 -4.0420849795358427e-05
6.6167851531351296e-05 -4.0736069851610157e-05 -3.3899672474690945e-06
6.6489611646907039e-05 -4.0914732545670358e-05 -2.979593766078148e-06
6.6536836198310967e-05 -4.0878999602977917e-05 -2.9393827567503195e-06
6.6250211060603359e-05 -4.070172359679769e-05 -3.2556957035856371e-06
-3.3941688518138126e-06 1.4613240479043055e-06 -2.8227317746321035e-05
-3.3929693736937938e-06 1.3139279749496691e-06 -2.8259791506404786e-05
-3.2172961431848647e-06 1.6208771771333667e-06 -2.8045438561719038e-05
-3.2894576984330974e-06 1.3896074564090366e-06 -2.8029006315832133e-05
3.4225229131848401e-05 -5.156705713918637e-05 -2.2857657984293178e-05
3.3969271337428233e-05 -5.1603079977646793e-05 -2.2586558779957855e-05
3.4035605413564626e-05 -5.1402391442720286e-05 -2.2274216265799618e-05
3.4172809353040951e-05 -5.1728541610729535e-05 -2.2528352044304256e-05
-2.5307489504197505e-05 1.3892792919217856e-05 0.00010497320495642809
-2.5737240803157973e-05 1.4299218119288967e-05 0.00010412857752481464
-2.5767234752745833e-05 1.4094860037631909e-05 0.000104083290364404
-2.5366591447230575e-05 1.3935417111631877e-05 0.00010477974469111362
-2.5172705977846016e-05 1.523319363784699e-05 0.00010244343812691736
-2.4713038121952635e-05 1.4946767009860196e-05 0.00010314526240960686
-2.4659923192893451e-05 1.5072988124087416e-05 0.00010313554356684851
-2.5113740772866877e-05 1.5233410742847633e-05 0.00010240925617886754
-2.061014970183221e-06 1.5636778676335512e-06 -1.9037964330781421e-05
-2.0984733169328675e-06 1.9279363010493711e-06 -1.8914690364635334e-05
-2.2805831823433033e-06 1.6015457555154872e-06 -1.9144035817091065e-05
-2.2306563876465309e-06 1.7841372786930876e-06 -1.9010460693635878e-05
0.00010927361886866997 -3.1560444120087849e-05 -2.3379414616470084e-05
0.00010950792251117336 -3.1123998949639242e-05 -2.3619618676085086e-05
0.00010960422272739888 -3.1511209104835027e-05 -2.359245322211545e-05
0.00010938846829550847 -3.0876053183490374e-05 -2.338945236560197e-05
-4.1754684850010436e-06 3.2053442421941516e-06 -4.5583209367094923e-06
-4.5312500423458249e-06 3.1830489563566822e-06 -4.6401737023860079e-06
-4.7220926282280314e-06 3.2365198878893517e-06 -4.718273174830756e-06
-4.3329563765127726e-06 2.872168056056168e-06 -4.6350578029111245e-06
-4.4143238189861078e-05 8.1729626784474152e-05 -2.3744887830301487e-05
-4.4069328377165426e-05 8.1546815444118311e-05 -2.3017140197229002e-05
-4.3963234193379044e-05 8.1778035075238302e-05 -2.2980359455165855e-05
-4.3851433167599823e-05 8.1526353817109459e-05 -2.3643404804790658e-05
-2.7939934733858069e-05 1.7333325601795761e-05 0.00010205572110021099
-2.8214036345675098e-05 1.7604359926870483e-05 0.00010187228475853904
-2.8174713425003866e-05 1.7505214906228571e-05 0.00010193552081885771
-2.7850859698252961e-05 1.7463866507139159e-05 0.00010197944601726683
-5.1972351583260508e-06 2.2894055063128185e-06 -1.0447085916354126e-05
-5.542395752855219e-06 2.8726455061356404e-06 -1.0388418488993523e-05
-5.4675699447350097e-06 2.5241437831627356e-06 -1.0278033131867759e-05
-5.1227150262705967e-06 2.6240206708605385e-06 -1.0041778936376033e-05
-0.00012056352776118053 1.3181943271291576e-05 -2.4155946300841169e-05
-0.00012063950909062233 1.372351579256389e-05 -2.3386092619592791e-05
-0.00012059313500303002 1.3179395552784419e-05 -2.3220076669605572e-05
-0.00012057250150149246 1.3722253792564088e-05 -2.3951291131696362e-05
-2.9579133019597896e-05 1.5848695050885392e-05 0.00010264544190388691
-2.9881735401368647e-05 1.5990820467672441e-05 0.00010250371191995733
-2.9976881757519456e-05 1.6020028490215665e-05 0.00010234641844819592
-2.9683420187455868e-05 1.57848060764465e-05 0.00010255401300093836
