7.3888305612945793e-05 -4.6090303634067908e-05 5.0029613516300309e-05
3.8921338371855629e-05 -2.333435668577799e-05 5.4018542323869267e-05
3.9942363543377102e-05 -2.3847937394960717e-05 5.489923013335396e-05
7.6141568806850635e-05 -4.2152756028812632e-05 4.9943859158990689e-05
-1.7440321816455587e-05 1.1690169568521081e-05 7.5832743133830149e-06
-2.8544292855239655e-05 1.6547642710307287e-05 6.4563115427102025e-06
-2.9835492549756815e-05 1.7186234243182774e-05 1.2153937573033957e-05
-1.8882405070771752e-05 9.2019530836817687e-06 7.3119248083994282e-06
4.5924779089648836e-07 -4.6341671784763542e-06 -4.9359621535897957e-05
-5.587377664011974e-07 1.5042346612210555e-06 -5.2290955301584341e-05
5.013670599986539e-06 -9.9137265138532667e-07 -5.2919845521443021e-05
5.8969685687512707e-06 4.0511643979446177e-06 -4.7930809640425731e-05
-2.9390523704602269e-05 1.7004022113618921e-05 7.4035291818680404e-06
-1.8926497138620744e-05 1.0812348297084551e-05 7.5382697709291957e-06
-1.9744717717775354e-05 1.1508872543381865e-05 3.1260590558218615e-06
-2.9236447386409877e-05 1.6738211672501224e-05 7.7727188415796511e-06
-1.2742401201529838e-06 -1.3743006301079972e-06 -5.048042927691121e-05
-6.7622685758471097e-07 -9.7114213539124025e-07 -4.5339100911860608e-05
-1.6445191960562378e-06 -7.9610013321851358e-07 -5.6118492152971988e-05
-9.1225538965169486e-07 -4.5817542693583728e-07 -5.2299042781089877e-05
4.2438972703728872e-05 -2.2727556368007384e-05 5.3001552903220173e-05
7.7531065210406126e-05 -4.4127868814441973e-05 4.6575080019511939e-05
7.9618495326047589e-05 -4.5322847220807816e-05 4.925268237132574e-05
4.1484270702500832e-05 -2.4408887283530571e-05 5.2771637220172529e-05
-2.5598741122594278e-05 1.4519947036660736e-05 1.970443945743805e-05
-2.3561451457321247e-05 1.2980907723003643e-05 3.6025579850385014e-06
-2.3821844413250438e-05 1.361466721117087e-05 3.7195346984097988e-06
-2.5981053367956112e-05 1.4430215445675795e-05 1.5208484468016981e-05
-7.0017533759223524e-06 -1.4731584398598556e-06 -4.8376796567245473e-05
-8.9040747929877836e-06 4.905509023047489e-06 -4.8943603799186941e-05
-8.6064046364575653e-06 -2.0687377842720789e-07 -5.1460573256487119e-05
-6.6346931710398183e-06 2.7423770285750493e-06 -5.8730131231449212e-05
5.4907587813454034e-05 -3.0523253805037065e-05 4.9969366836044582e-05
7.476483929570385e-05 -3.989194006492891e-05 5.5620995219163305e-05
7.3718209324557214e-05 -4.219350080514328e-05 5.7942611591060844e-05
5.5640485524695998e-05 -2.7905544053318995e-05 5.0149703371887844e-05
-2.5291316505059993e-05 1.5505819827292609e-05 1.6532991465430247e-05
-2.2849188969232946e-05 1.3749721285705174e-05 5.3235031326898108e-06
-2.3627139505654691e-05 1.3905789771816559e-05 4.9743334874299827e-06
-2.5489400131975282e-05 1.4689650927351972e-05 2.1253891850307738e-05
-4.7999086067074975e-06 3.2352310324599599e-06 -5.7096982368928795e-05
-7.8214919887258875e-06 4.5264996953221521e-06 -4.9785019836247335e-05
-2.5202381550883384e-06 6.9012032992748964e-06 -5.0535317737569752e-05
-5.757379019550072e-07 6.4260776794398348e-06 -4.905537277127836e-05
5.1421010124341748e-05 -3.3873910293968912e-05 5.0382465222875705e-05
7.1375478735705416e-05 -4.4428837937013615e-05 5.5653492397222948e-05
7.2820768391212987e-05 -4.2349424645926614e-05 5.8127395005491689e-05
5.3369951977799701e-05 -3.1908252657530944e-05 4.9932461187424115e-05
-5.646874436333394e-06 1.1068733145849947e-06 -3.8588522930815827e-05
-5.5387506064627002e-06 2.7701645151090304e-06 -4.3592754589070332e-05
-2.5006813530527067e-06 1.392878123180198e-06 -4.1676257552580864e-05
-3.816971824917813e-06 3.916129358821907e-06 -3.9597474368456564e-05
3.4644342035775261e-05 -5.4680135256447628e-05 -3.1403186964901186e-05
1.7261773713108958e-05 -3.5535563945726656e-05 -2.5286749100628114e-05
-8.7068088024323576e-06 -2.1220868673584159e-05 -3.6474162157212886e-05
4.2156166582428686e-05 -4.1571300554508702e-05 -3.1176963880108488e-05
-1.723630497619936e-05 1.0153745981636973e-05 0.00010274307322467868
-2.9024839388751538e-05 1.6189754542032266e-05 9.8065363327619337e-05
-3.098093071805119e-05 1.7067719324546709e-05 9.7918749788566961e-05
-1.8100024524119016e-05 8.7192601575497141e-06 0.00010282799302840928
-2.9389865968711126e-05 1.6523194072715422e-05 9.4776466869124498e-05
-1.6823268156041654e-05 1.0361894171515007e-05 0.0001011730899082644
-1.5945616221757497e-05 1.0220211254852174e-05 9.8377063270586873e-05
-2.8201110249745365e-05 1.8231561566483048e-05 9.4726099907807559e-05
-4.7369997360825235e-06 -1.5719938476657473e-06 -3.2621828967460686e-05
-5.5510183345120921e-06 3.4128645798325863e-06 -3.1591235493344527e-05
-1.7808102066247181e-06 1.22692827191843e-06 -3.0516018067229533e-05
-8.8289447762121293e-07 5.3131797279615256e-06 -3.1892900584029604e-05
7.1804062273888891e-05 -1.855396003267026e-05 -2.8869425352101574e-05
0.00010577208654006034 -3.5667970793427928e-05 -3.6427704661723403e-05
0.00010325809054763694 -3.3249899225223315e-05 -3.0211284954950735e-05
7.4604537907773261e-05 -1.4051577246025019e-05 -2.8782778504876649e-05
-4.934610071177987e-06 1.9451555169282698e-07 -1.7908409278177828e-05
-7.7014367709063751e-06 3.5516005324753852e-06 -2.3660155124265864e-05
-4.2276223029897773e-06 3.7300477839886459e-06 -2.3191681652434681e-05
-2.3942725811882705e-07 4.6160041687892672e-06 -2.1345704426349588e-05
-1.9519879916954906e-05 7.4667168156891672e-05 -3.8292562605068969e-05
-3.2635041702304738e-05 6.0313658809303975e-05 -3.1559744967268877e-05
-2.3500593759229584e-05 6.3945235267297545e-05 -3.0636962034924498e-05
-3.5311765719786624e-05 7.8680092875878238e-05 -2.6411912737056564e-05
-2.9115441903801063e-05 1.8265619827919732e-05 0.00010049338247253292
-2.2102881671315355e-05 1.3191763008638113e-05 9.5251579156636901e-05
-2.0375136424100336e-05 1.5471910497669421e-05 9.392216776508977e-05
-2.8366741315011268e-05 1.8114716965667021e-05 9.9283083146009532e-05
-4.5211721562711245e-06 -2.1950235817091513e-06 -2.5857434662324152e-05
-7.2166696395998945e-06 5.0485963538626777e-06 -2.7655468022746987e-05
-5.3727989396303434e-06 1.8229966182000323e-06 -2.8294578819185179e-05
-2.66686236416317e-06 4.5003815842270534e-06 -2.2979608411688446e-05
-0.00010799519007311285 4.7981977256462236e-06 -2.647079580586631e-05
-9.087935683767766e-05 1.0725968495782287e-05 -3.1868041893617916e-05
-9.0001672514858615e-05 2.0053798077570954e-06 -3.0671100281542962e-05
-9.7536647627849415e-05 -7.6305108844543224e-06 -3.8934847217259039e-05
-3.0324080412692648e-05 1.597956111710683e-05 9.9598451859646275e-05
-2.2932351508608492e-05 1.2915600917056194e-05 9.5690258763450609e-05
-2.4308680810723781e-05 1.0209104330805019e-05 9.4402457661513228e-05
-3.1252048693798971e-05 1.638450569929617e-05 0.00010102876738646294
