1.378806821117351e-05 -7.0917416057567073e-06 -4.9335378813464281e-05
1.5013789590734294e-05 -8.6788761484157817e-06 -4.9361352303545214e-05
1.5366298507901721e-05 -8.9115629126057527e-06 -4.9011193414993937e-05
1.302061535022464e-05 -8.4502602278879735e-06 -4.9361465915997993e-05
1.1536675502596519e-05 -9.519585867460924e-06 7.2157942887285387e-05
1.3729699476168098e-05 -8.0225592768989884e-06 6.797775348846985e-05
1.6046298505045797e-05 -9.2363233114012289e-06 7.1933169700333366e-05
1.4078518508058046e-05 -5.2814104737897161e-06 7.2364123548884773e-05
1.4360358446478382e-06 2.8439272553304473e-06 -9.735241171968112e-06
4.7066964144332202e-06 -2.8058316915895512e-06 -1.0040651047114879e-05
1.057462134399867e-06 -6.9687156497872521e-07 -2.3272001142847498e-05
-1.7827007227910752e-06 -2.8126086846214093e-06 -1.0232018201605797e-05
1.5075970826471325e-05 -5.7952347572941786e-06 7.2516772212941061e-05
1.3445688489918076e-05 -7.8052433725162018e-06 7.9385803832883461e-05
1.1168584946567297e-05 -6.5184202484146886e-06 7.0559208257076067e-05
1.2508478308781494e-05 -1.0177653528176123e-05 7.2347730932106891e-05
1.4069248757481374e-06 -3.107122701216181e-06 -1.7760491641441445e-05
-1.008721801661343e-06 6.2345680105710139e-07 -1.7925108355631991e-05
2.9456517808279514e-07 4.4100548379777393e-08 5.5536427015084877e-06
3.5505343746955399e-06 5.2647063732255868e-07 -1.72284884978266e-05
1.6077470846309616e-05 -9.9316528794357595e-06 -4.6989422565979488e-05
1.4868500828047458e-05 -8.6171066915330385e-06 -4.9357902710156498e-05
1.3757064425239107e-05 -7.9534226566924104e-06 -4.5107543279632178e-05
1.6617107715128938e-05 -9.0077677912779337e-06 -4.6880554327277668e-05
1.4229547333466705e-05 -7.2802103745594864e-06 7.8057085924433667e-05
1.660726637081264e-05 -6.1440472777746051e-06 7.2133719698386223e-05
1.371193819277628e-05 -9.142252394233729e-06 7.04450917722102e-05
1.1462754471580405e-05 -6.2579978400182593e-06 7.0705859465627907e-05
-3.002174651134859e-06 1.8704406946009906e-06 -1.9203827739511237e-05
-7.2011240018302622e-07 -3.1354960972503326e-06 -2.037324914319627e-05
8.8218544627705064e-07 1.8941802309574429e-06 -1.9210252902440716e-05
-9.567637176549626e-07 -1.6884692233265497e-07 3.9226689626248312e-06
1.6821933131003219e-05 -1.0252181674053062e-05 -4.872552019180576e-05
1.5534020559648809e-05 -1.0182477715225957e-05 -5.1134510789530019e-05
1.5920056361575776e-05 -9.0732316070929464e-06 -4.8722588760541363e-05
1.6058831329148968e-05 -1.0467942930030884e-05 -4.6778260721053178e-05
1.1035939902914727e-05 -6.9427521372286e-06 7.0528347960070736e-05
1.3504911190759087e-05 -1.1304484481805543e-05 7.1796803773359341e-05
1.4851110812781013e-05 -7.3346307037323042e-06 7.0378642047973228e-05
1.3537365483677139e-05 -8.5949921771188986e-06 7.7814367394346551e-05
-4.1624973591910955e-07 1.084045071177305e-06 4.4522727003851181e-06
2.2663153302750292e-06 2.1306658782529629e-06 -1.8938451058533867e-05
-1.3554906550976092e-06 -1.5867604427113316e-06 -1.8316666936281367e-05
-3.2812253222120583e-06 1.5402470889489808e-06 -1.7773781867687355e-05
1.7096149749651346e-05 -8.6049716909730734e-06 -4.6697605436629708e-05
1.6556228578231032e-05 -8.3126230363854067e-06 -5.0962916721047913e-05
1.5841227473278874e-05 -9.2223075032482615e-06 -4.8668698728465687e-05
1.7266207071431339e-05 -9.4263430682473004e-06 -4.8575359403502105e-05
-1.8460852317270238e-05 9.2542050840194179e-06 1.4470715814507429e-06
-1.7880631087917234e-05 1.0532339700469739e-05 -2.0209326514513543e-05
-1.7244080239616302e-05 1.0152285703813289e-05 5.7216094169199039e-06
-1.7096424010292291e-05 1.163250959240747e-05 2.0615800334564116e-06
3.9054092548277238e-06 1.4485997748871215e-06 -1.1089402075503685e-06
1.9823111102601487e-06 -6.8385853108088313e-07 -7.2459513613676307e-06
5.6850135725061127e-06 -2.5950555786967739e-06 3.1974177893689948e-05
1.0654458469758113e-06 -3.2020506242446992e-06 -3.3915561284403317e-07
-6.1347100784933249e-06 -2.8821323413540795e-07 1.6548673775165779e-05
-3.2997715182678212e-06 1.9637959446959031e-06 2.0842670532761343e-05
7.4304397327634416e-07 -1.6278734549766711e-07 1.6063445111486052e-05
-2.6488326984385553e-06 5.7162800359681666e-06 1.6477010514569235e-05
-1.4747880919714629e-06 2.0844890314571096e-06 2.2313286708340596e-05
-4.3857853018122728e-06 2.5039932971607226e-06 2.0767982046143718e-05
-4.2192876179569794e-06 2.298606901263156e-06 2.1950751293131621e-05
-2.667741208026847e-06 1.7051953871485837e-07 2.2380357621129554e-05
-1.7710185218130863e-05 1.0174333617923165e-05 -3.3514031807513334e-06
-1.7616540248713633e-05 1.0029959088109219e-05 1.187397555346692e-05
-1.6924000902585057e-05 9.595740642853734e-06 -3.696534373043292e-06
-1.7778588289924999e-05 9.9755120016586929e-06 -4.0854238836374179e-06
1.2225401455224735e-05 -4.4603748298895334e-06 5.6430739192592227e-06
9.9363605569508537e-06 -5.9951180046285968e-06 5.7067641059671548e-06
1.0684613004273761e-05 -6.4950820478498761e-06 -3.7042091340089289e-06
9.7419750817837221e-06 -8.8524994926995372e-06 4.8472407225275127e-06
-1.6897625719434746e-05 9.5477767962710196e-06 7.451267225899727e-06
-1.8036018347189898e-05 1.1890137694370306e-05 7.1736470064164004e-06
-1.827514753114073e-05 9.8091180293870999e-06 1.0041656045373104e-05
-1.7430759247352896e-05 1.0291091900815896e-05 -1.5184980005220755e-05
-1.7177529803083811e-05 1.8268669220534994e-05 3.0809577644785868e-05
-1.5423653127382125e-05 1.9430416131855505e-05 -6.4914411772309943e-06
-1.7127891538995218e-05 1.8690275104300044e-05 -1.3321030351842733e-06
-1.5984747650729712e-05 1.4234526922601159e-05 -1.9081714653090831e-06
-1.3476305273501523e-06 2.4822344433757856e-07 1.9406981209495189e-05
-6.097490712536624e-06 6.6862275177603792e-06 1.9915150101759704e-05
-7.4415545226998788e-06 1.1548792005404516e-06 1.8617535335746505e-05
-2.4236844251568357e-06 2.7230169591385689e-06 2.3002989751733094e-05
-1.7300643844203199e-05 9.7673743117843029e-06 -1.5266203195363204e-05
-1.9007031439439461e-05 9.4788997692107912e-06 6.5332911525217696e-06
-1.7440146836348929e-05 1.0745641258370128e-05 1.0321366747466365e-05
-1.6543976379004496e-05 9.6841353632130811e-06 7.3865302274711553e-06
-2.0477334018090151e-05 6.4939352317237636e-06 -1.1164484591263957e-06
-2.4593661027101911e-05 3.4987884345338531e-06 -5.6352546355664668e-06
-2.4671127406221866e-05 5.0877337122892489e-06 2.4087041505804763e-07
-2.421681895187211e-05 5.3971000441715988e-06 3.3469960722620762e-05
-3.6280939756539593e-06 6.5067549915882178e-07 2.3251981109341513e-05
-8.8938128292166652e-06 1.8485095755523678e-06 2.0081402243195268e-05
-4.5982332565487865e-06 5.9233930709279292e-06 1.8710821605663619e-05
-6.6282730683237629e-07 1.0282111390091941e-06 1.9502214203763468e-05
