-0.00041744190265463718 -0.00018149905465055172 0.0010655256848005066
0.00014218052677200319 -0.00038706071076486173 0.00097070269883261975
0.00050307711195576518 -0.00011442408267994114 0.00097088680602680586
0.00019625533592249056 0.00023844768040637287 0.0008835783301638948
-0.00037957410291844518 0.000149497432591017 0.00066250000135237037
-0.00025397439353372353 3.5218110651769052e-05 0.00058337184945505671
0.00026241949135558107 -0.00015410354532977862 0.00056589850161447523
-0.00041235026671303612 -0.00013223811952878251 0.00090132679840112303
0.00030973789440105325 0.00017859523410610617 0.00078371350856926755
-0.00015105984637560054 -3.3151676587066248e-05 0.0011338755445075106
0.00021838964052712706 -5.264749669695139e-06 0.00058196033475026599
-0.00011569368154889549 -0.00033517766883110062 0.00082239029430655666
3.9913293355883783e-06 0.00014051137084836185 0.00087795935273095576
-9.2528409675076556e-05 0.00025667582678739803 0.0010751037884626563
0.00021003083269291274 -0.00027881459203463188 0.00086681581888977625
0.00019088300044822716 0.00011981997358159746 0.0010602952261551902
-0.00039254439659900525 7.2734137016056133e-05 0.0011484048990668709
0.00013094611281818801 -3.7701222051827674e-05 0.00080547704352473218
0.00013201072296031846 -0.00020045368411225647 0.00074252833313001327
7.8594034757931532e-05 0.00013472862526891621 0.00068601276722622586
9.2245366901713352e-05 -0.00023422595935905337 0.00059393429762384913
5.7901136587456149e-05 0.00036605330617300869 0.0010439605284586597
-0.00012439062088227338 -0.00037344866515225464 0.001005829400847656
-6.0497997125128627e-05 0.00014916928889225321 0.0012609824834655349
7.6993228609516327e-05 -3.4074209557908176e-05 0.00076559865714677811
0.00026196025629337399 0.000219873186716661 0.00077606668053480359
-0.0003268572556477153 9.0427895559571508e-05 0.0010378498650576587
-0.00027055125498069292 -0.00026148835414329682 0.00086191286950477574
8.396399515904299e-06 -0.00031784271812748563 0.0010295734009898487
0.00027133474795076884 -0.00014518506546722551 0.00081228303556825279
-4.4503311496949319e-05 0.00034927329613921101 0.0012486237526944033
-4.533186982979065e-05 -9.9243119963300481e-05 0.0008509894766732173
0.00015676518916413586 -8.5089958515346953e-05 0.00064356039890285568
-5.1216326302057198e-05 -0.00026132870828985701 0.00078173693762838715
0.0001203660608152142 6.3886554339467536e-05 0.00060800193274903897
-0.00038062244120550188 -9.8192560686413948e-05 0.00090876032135747773
0.00032962947080626053 0.00021491728834112985 0.00098986776616858795
-0.00021109252443321822 -3.2597662297347701e-05 0.0013058051385426679
6.0618471470740834e-05 -5.143180409616639e-05 0.00083344511763436008
-7.5142165909127196e-05 -0.00042272009935949775 0.00082657163083298731
0.00016942458972150676 0.00038626542264059554 0.00089765294298965823
-0.00015112976569324032 0.00031153245040878297 0.0010879228581175031
0.00025044049571625726 -0.0002452467152389351 0.00079664681864099942
0.00028579273831970598 0.00011495444299543939 0.00098075995353691294
-0.00043906549091580203 4.8560489265641466e-05 0.0011181828171018442
6.4647890322872331e-05 4.7567251459587623e-05 0.00089283795135897733
0.00013975356989852014 -0.00021359914393384366 0.00066413510982381904
0.00013727627618041012 0.00011581115795472607 0.00081245954113230451
7.824125157096279e-05 -0.00027090986569593828 0.00071036743013458848
7.6867210621487259e-05 0.0003695615100782236 0.0010752197249454106
-0.00020107821207421533 -0.00041021492744963695 0.0010476734369566981
-8.6901535543963682e-05 0.00017325800780985424 0.001244026642625253
4.7013993482164223e-05 -5.3659161453353578e-05 0.00077207670073989754
0.00027710481655309974 0.00029744064833605948 0.00060813385014535284
-0.00027890759234289533 7.2043615479688849e-05 0.0010979799666395043
-0.00022005354951471282 -0.0002670250100051362 0.00082754052012929454
-1.9434764156207096e-05 -0.00025175654847246071 0.001040819533614983
0.00035328724871401193 -0.00014097284879754923 0.00077367826243063872
-4.0416526071704632e-05 0.00032345819941981269 0.0012041113347023421
-4.4891489312048102e-05 -7.2571113809121205e-05 0.00085156032712565329
0.00014368877564082433 -6.0176227003314042e-05 0.00076992277524467936
-7.285841277596464e-05 -0.00028458549703840041 0.00071116695594187086
0.0002065823470686276 9.4176496048795424e-05 0.00063679096850687619
-0.00034431606983001352 -0.00017800748724038345 0.00081517354832270298
0.00020336039706035387 0.00033795623173667622 0.00093056774112178307
-0.00029855812127322322 -3.0280928802175946e-05 0.0013242123979611831
7.9275685670391303e-05 -0.00017300028152790123 0.00092930335468171307
2.6078182527583017e-05 -0.00046476377905707578 0.00089601701419128512
0.0001435896209751493 0.0003026615905353143 0.00092157637540955534
-0.00017128892852548774 0.00024148725757387138 0.001103256514810357
-0.00010152514232785771 -2.068985585580458e-05 0.0010108466678737322
0.00047164306695178754 0.00021399993447535065 0.0011014178617906991
-0.00042221698228673936 -0.00015114528694490717 0.0012216167839443287
0.00012967561225677793 -1.6882031814605819e-05 0.00077313149646504164
0.00027072299541552533 -0.00024336511039802031 0.00061798537505304302
-0.00010418323798571948 -0.00020005717266076664 0.00081599943103995067
0.00032874679451452143 -3.2438387033810467e-05 0.00060744901522649056
-0.00035474459781949241 0.00036954980536241071 0.00062223391649807083
0.0002320896960676424 -0.00026488125175594401 0.00084111082133243083
0.00027014989962707045 -8.0950375273832614e-05 0.001124294045054027
3.0296857445659162e-05 6.5262000754220565e-05 0.00094381638862950281
0.00018614462961695911 0.00042912573880004093 0.0011413389247206243
-0.00016432933933267216 -0.00027697859425979132 0.0014544375000736468
-0.00043092961136275646 -0.00046472096828731324 0.0013642407041073671
0.00098224395076011587 0.0008251271947686727 -0.00012657934713701611
0.0014206517409480774 -0.0012059747588646908 0.0018303192166105832
-0.0013916273483256664 0.00062772902089171245 0.00041650637326417269
-3.9119337656878805e-05 -0.0012402435395124645 0.0037133933242338183
0.00015005495163568421 0.0012095738447560067 0.0040988685262688977
-0.00061405376393433835 9.3994525071887386e-05 0.0035282186998921638
0.00021898735689807828 -0.00079442546702594057 0.0025769819211910903
-0.00041597811031166693 -0.00040930775083415118 0.0040420531779715779
0.00025124624442074157 0.00017619492373729994 0.0035261801214431189
0.00020147547011205996 0.00019587716039356703 0.0038201734028114045
-0.00038457932264564991 8.5759339807308516e-05 0.0030406797307325128
0.00029201232490290788 0.00034118099847432054 0.0039691845375478185
0.00022611489136002694 0.00018237280593322996 0.0030474065883640813
-4.6564301203893231e-05 0.00039939431080244039 0.00320891015638746
0.00015800296345724885 -0.00056780441383741387 0.0029064081866663335
9.8345296665892923e-05 -0.00033008501497479303 0.0035186727742080723
-0.00012446881913067819 0.00049943200416714684 0.0031342952004305763
-0.00011503316873703504 -0.0002420544445947085 0.0038902228730274329
-0.00040049935808826251 -0.00042007163280108686 0.0030292664296547164
-0.00027266007821298539 -0.00019774107477407363 0.0032678997789516119
0.00057979686856584538 -8.3184820540359652e-05 0.0028466097230430412
0.00011392977098661456 0.00020782035009295208 0.003668569875371573
-0.00044501171855124535 -0.0001310976405980381 0.0033200024060541606
0.00015891154654387035 0.00039133501167588902 0.0038062862864538345
0.00024257994898721144 0.0001560511160883099 0.0032955172911589828
5.53208359717677e-05 0.00032118046006203828 0.0033831334579466901
0.00015832312777037602 -0.00046641228675556312 0.0027660396786625954
-7.2368012468716769e-06 -0.00033639385998372913 0.0028458750182500095
0.00023263946940785263 0.00047379995593534218 0.0028040474173498314
-8.8595493915820042e-05 -0.00034043695907919058 0.0047975004022107427
-0.00032790878065439011 -8.5927939313673249e-05 0.0031759892060609562
-0.00051805987007497146 -0.00041652037324102498 0.0037396480740356846
0.00057477422032269228 -0.00013354983958451666 0.0039334360972117293
-0.00049608425360269065 -0.0016669256705511698 0.0046620097782079919
-0.00050792384137823832 0.00039191270920385657 0.0038257575982132549
-0.00023656678040820064 0.0004277112672190597 0.0066827897164997941
0.0059529258511126469 -0.00021239413087346254 -0.0011830707523493543
-0.0031065837019711071 0.0026596365361874438 -0.001145039754247363
0.0051339628407603283 0.00014458286456746003 0.003269276234631701
-0.0048474200879182992 -0.0018616790012733605 0.0030385569547751075
0.00029080170221483037 0.0013732815052891058 0.0040897517811930885
-0.00042245350244405093 -0.0017864601395873095 0.0043512807203996869
0.00016533170239910899 0.00036298412993937144 0.0034666494406659608
-0.00067917686936067902 0.0013621410626743144 0.0034295885466288263
-0.00019442308527860264 -0.00032928303327333947 0.0031718061516367128
-0.00019554708386821214 0.00031618702904355955 0.0034538430321278089
-0.00012221921330109707 0.00065627934635547475 0.0045940656860471961
-0.00074784543901142142 -0.00049344849512840698 0.0048867958115996757
0.00045779325998816789 0.00060105052562475802 0.0041735246349456877
-0.00049100971037451023 -0.00094860735435457581 0.004267835140452262
0.00034402470239919356 -6.3611912976723611e-05 0.0033606873867350791
-0.00042577706207949217 -0.00013373658268457655 0.0035514747132646511
0.00094704721992333292 -9.7368440426286607e-05 0.0039078195958149979
6.002982298397401e-05 -3.086244165222303e-05 0.0036501018032154657
-0.00017379384978392291 0.00084376735217279552 0.0039597863381290906
-0.00050261175422595809 -0.00022317299347599222 0.0044505702157921802
-0.0039751181657347034 0.0047253943329331957 0.011488217873138511
0.0020515058516532947 -0.00079956297267868149 0.012417444845461933
0.00047178284726114017 0.0036806962572300331 0.0056000849652910883
-0.00095870438479719183 -0.0021002421078045869 0.0052840311442298761
0.0011770215914825299 -0.00087274728668143564 0.00036389722259576145
-0.002043037600484604 -0.00013421901854879237 -0.0003860907935709524
0.0035179814503709826 -0.00077637231968959901 0.00066321303796466023
-0.0038913594189293466 0.0019499777471055496 0.00103625302949782
0.0011449846513708574 -0.0022664367676282246 -0.0001702128286261307
-0.0013691043334807876 0.0044598150217108612 0.0010378540065262721
-0.0057455673109966807 0.0052887153163555991 0.00057715403857972088
0.0046289754204924998 -0.0051780918292302289 -0.00039404209680753317
-0.0051661164923999248 -0.0063047966622993279 -0.00070024196765066694
0.0027482207956530391 0.0026884157128915093 -0.0014945198264402441
0.00083044203764032903 0.00023817797004040131 0.00025848511608051426
-0.00085982548987376117 -0.00038476138038234797 0.00018593032982240458
0.004428928407472138 0.0032969216471972485 9.9308219313597873e-06
-0.0050816486867465149 -0.0024167019255130207 -0.0027512110416277897
-0.0021042352503063814 -0.0012644296013952163 -0.0018055887227896947
0.0020927896885609542 0.00090562135747353223 -0.0023938960761539316
0.0016353931832037917 0.00013586882511733289 -0.00086193848700144397
-0.00153166755354029 -1.6357347489093495e-05 -0.0017287869500655691
0.00099331646358488245 -0.0014091943032632874 -0.0046139141967594405
-0.00058372533161149369 0.0013140662325836819 -0.0041680991618281305
0.0025168761419793679 -2.8556848996180381e-05 -0.003114788190319703
-0.0019241750346114528 0.00050822016250092958 -0.0031993931709154867
0.0017593348939681389 -0.00051533975161259851 -0.0053429600718687808
-0.00056038181688954081 0.00063229904744978999 -0.0050447121635217324
0.0010802276225932717 -0.00046711498288351527 0.0006322828410182512
-0.0012675650786989191 0.000966858699904663 0.0011309452526653257
0.00070278630311868342 -0.0020021057821183992 0.0010193311919904618
-0.00065647119479218894 0.0021889240626521284 0.00047277568924209389
0.002477539662442396 -2.9222618658267189e-05 -9.3642031823647567e-05
-0.0028552167675142963 0.00020729144008951482 0.00024013232576563202
0.0025398494890094478 -0.0015143451624628351 -0.00057628139267475349
-0.0025308874468661282 0.0017470681020282791 -0.0012121208802490496
0.0011112866520650161 0.0025697572318017364 -0.00082619812531233884
-0.0015470036179153161 -0.0036423359401882432 -0.00098424803848667398
-0.00068432125496535612 -0.0019585205980321412 -0.00084708361300926162
0.00067186704686367227 0.0025998816289323282 -0.00060199951467190295
-0.0014125642710927796 -0.0040684847468428096 -0.0024368874799090504
0.0016829822109163651 0.0041239972872833689 -0.0029700387711794427
0.0010799732251305779 0.0031688774328728908 -0.0032107276504672894
-0.0011950762850792334 -0.0033742237929334229 -0.0030045452032111831
-0.0027884331336932959 0.0018800557836839201 -0.00318423225967303
0.0033631232643390602 -0.0028186574757402549 -0.0035862797222446108
0.0028603568532251517 -0.00051630640339476075 -0.0042763578557473928
-0.0029984949881984857 0.00030376603800740844 -0.0041701078599135372
0.001223298633405482 -0.002792637277473628 -0.0040740946346051275
-0.00065576926655348117 0.0026031656461519143 -0.0041877220836431823
0.001576049341141833 -0.00089419877266555883 -0.0056551722462855215
-0.0013471310240550996 0.00046608622426458487 -0.0054357728709606094
0.00052640285942126552 -0.00069543793840696685 0.00051251095661363454
-0.00077444431278359362 0.00081401165624863259 0.00066289588495191919
0.0021253108127416084 -4.6666859113494649e-05 0.00067740807154688214
-0.0022158292683029175 0.00016073424016834446 0.00036434401092503947
0.00077523031877413037 -0.0020956978999328718 -0.00017244844039259084
-0.00080885849788164821 0.0021826430032473171 -1.7243628645325151e-05
-0.0029117668455127671 0.0021754927813702057 -0.0007032412711672504
0.0023039502092484878 -0.002096197331151471 -0.00060467670794657653
-0.0025288593838000972 -0.0021523674520581917 -0.00094866033991186476
0.0023597773452802562 0.0021421675531464041 -0.00091861964287781074
0.0026412389845616585 0.0023359485612001879 -0.0006357362068298341
-0.0026086881146988317 -0.0020240162052785615 -0.00079447780292053911
0.0031775593743681163 0.0022429918582648894 -0.002437151308305496
-0.0030390319904731178 -0.0021840041030385532 -0.0024799057957491533
-0.0030451391121182475 -0.0021926488639222169 -0.0031172545990804119
0.0029838005316546595 0.0024675424224302051 -0.0029055054400283931
0.0029696309969856971 -0.0017994126978247704 -0.0030157260046106294
-0.0026122605140654065 0.0019092639075461298 -0.003026324263288362
0.0016236551193011955 -0.0030492931878708385 -0.0046705933536270745
-0.0012596394646013072 0.0027613353958347436 -0.0038920635081230743
0.0032674898653767483 -0.0003955920900450844 -0.0044503793843332622
-0.0027178135918442675 5.2613785513425104e-07 -0.0041899904429341401
0.0014570397080228901 -0.0011583805320148771 -0.0062072977244670442
-0.00089681786666148233 0.001210820754883807 -0.0055346091221949775
0.0010226054469777094 -0.00023535306281099246 0.00065361815072900904
-0.00122922243701362 0.00077125765860230422 0.0011051912982997739
0.0006357578958897693 -0.0017908343141639638 0.00033279072152031346
-0.0010633389280264444 0.0021509238286075982 0.00063890957791474905
0.0022090756983437249 4.0856101343168805e-05 -0.00017456643959046399
-0.0026278261666327564 0.00024020891929540933 0.00017948816378582193
0.0024683213708422847 -0.0015447466761019772 -0.00075118248785251661
-0.0026492258491357086 0.0017540325078705121 -0.0009884639713222277
0.0015331807195969984 0.0032978179569139038 -0.00094084715754452937
-0.0014149801192947968 -0.0032680682347064156 -0.0010388831149045676
-0.0010932922537060913 -0.0028033478348952617 -0.00073050476107682123
0.0010641339755336279 0.0030517046768266873 -0.00083188029009254559
-0.0012174073863969086 -0.0037184104770305332 -0.0025387596454237941
0.0013899935695392135 0.0040220727207583296 -0.0028206433610117095
0.0011147102251819947 0.0032517816216716222 -0.0029302267152396446
-0.0011785372047207945 -0.0032624861533721572 -0.002861023850271106
-0.0029812807596256113 0.0018963369949936771 -0.0031427712182930858
0.0030015745135760397 -0.0024972590293928583 -0.00335423911389531
0.0031371126345255459 -0.0004561897943811833 -0.0043275093742669909
-0.003051237190147243 0.00039731142971486386 -0.0039863142758580026
0.0013145542427021872 -0.00289957767800747 -0.0041327759848824464
-0.00097815678468814865 0.0026783881324912856 -0.0043086340061128259
0.0014994206849921466 -0.00081204123313129194 -0.0056448244455615682
-0.00133961343949175 0.00053473547589391948 -0.005364583299068847
0.00073363247438611168 -0.00087922941313745007 0.0008197309365007132
-0.00097320929237301734 0.0010118036967435087 0.0009929556346575507
0.0018554008023542595 5.4348934006170219e-05 0.00010639342413093326
-0.0021352945301222528 0.00033487206258124829 0.00034573949695480312
0.00074691391769172262 -0.0023673797350302543 -3.6649428189551234e-05
-0.00079767806150513043 0.0022357101009256169 -1.5274559000981805e-05
-0.0026718181925673196 0.002392376433586212 -0.00038460049517279223
0.0021057200285899856 -0.0020425629882026165 -0.00065565853218413871
-0.0023631088297059663 -0.0022370941213425838 -0.00091878530838794721
0.0022579804543778198 0.002157361801850291 -0.00054063367724112472
0.002617182277435274 0.0023185642756378927 -0.00073774465532147442
-0.0028816192150395246 -0.0022587702773481976 -0.0010041023615706326
0.0034206398151009204 0.0020630377874657213 -0.0026548861141936445
-0.0030636849932585142 -0.0020966348338450069 -0.0025906410789805993
-0.0032276996266324826 -0.0022867188101905744 -0.0031305724628628243
0.0028734194216676035 0.0018438604751612284 -0.0032703862270635296
0.0031542698240658307 -0.0017271392571495681 -0.002998465542347022
-0.0028203594644739122 0.0020268801827543342 -0.0033510198306238876
0.001707782464370762 -0.0027839204447182853 -0.0047909625240244013
-0.0011674358657897052 0.0024650814114102471 -0.0042638179505343644
0.0032610558459407642 -0.00021068595131464051 -0.0043119029529091347
-0.0031293359004234268 5.2266729857978339e-05 -0.0047535738021538144
0.0013387379259624521 -0.00092535082337544261 -0.0064355603041113974
-0.00069972009360191531 0.00090503383970630142 -0.0051978052696228672
-0.00020916412619298788 -0.00037300675529489818 -0.0010452259497320971
0.0001258264948557665 0.00022240541717792606 -0.0012183561894002822
0.00058952306965746534 -0.0011993713098595593 -0.00025561237291820381
-0.0006969938996609637 0.0015369828392172297 -0.00040649943554673003
0.00074368910667530885 0.00049272405419473544 -0.00091097710973584399
-0.0012939386915950092 -0.00026507716574194877 -0.00033593648989703635
0.0014862559258473024 -0.001443448607265225 -0.0017553062544300013
-0.0027390740217575621 0.0017527720587337883 -0.0018906035382272885
0.0013976308688520352 0.0038045736050345558 -0.00034773549766785837
-0.0018684023275732098 -0.004287897415221037 -0.00058286079458963642
-0.00052131389238119913 -0.0010722861364505787 -0.0010837974894763128
0.00098157895309969323 0.0021140470110150161 -0.0015402088476824168
-0.0029509166746380169 -0.0036663794205212263 -0.0013438141192184273
0.0025692394270919149 0.0035070808492279337 -0.0019998201900475483
-0.0014491295199862281 0.0013752929894568361 -0.0023597609783950185
0.00051663943094261422 -0.0040341379191804888 -0.0040373626550901532
-0.0021026979622793956 0.0033713926728100585 -0.0036062637478252602
0.0031041046916185479 -0.0037615700182109016 -0.0044061802519929066
0.0047893344582958944 0.00061223795595786903 -0.0033190001999343927
-0.0036767445832381757 0.00091513665209908869 -0.0032728607709373737
0.0041135503117771047 -0.0030419729927277147 -0.0067025057123795608
-0.001526550404087515 0.0043016738484110417 -0.0055552054440381384
0.0080326077323015117 -0.0033936778755003644 -0.010256435795585406
-0.0063507672366353851 -0.0011093066293028642 -0.011282708271366187
