0 3.1013877259 -1.2112090248
0.01 3.1013877259 -1.2112090248
0.02 3.10123395305 -1.21209344195
0.03 3.10097293843333 -1.2135544703
0.04 3.10059762425 -1.215572704175
0.05 3.100098194 -1.21812116484
0.06 3.099462136 -1.22116548786667
0.07 3.09867432428571 -1.22466416171429
0.08 3.097717117 -1.2285688160625
0.09 3.09657047066667 -1.23282455744444
0.1 3.0952120697 -1.2373703502
0.11 3.093617471 -1.24213943936364
0.12 3.09176026166667 -1.24705981325
0.13 3.08961222992308 -1.25205470207692
0.14 3.08714354678571 -1.25704310885714
0.15 3.08432295853333 -1.26194036926667
0.16 3.0811179875 -1.2666587359375
0.17 3.07749514111765 -1.27110798370588
0.18 3.07342012655556 -1.275196031
0.19 3.06885807068421 -1.27882957310526
0.2 3.0637737428 -1.28191472295
0.21 3.0581317797619 -1.28435765509524
0.22 3.05189691127273 -1.28606524768182
0.23 3.04503418391304 -1.28694571886957
0.24 3.03750918320833 -1.28690925254167
0.25 3.02928825116 -1.28586860924
0.26 3.02033869873077 -1.28373971826923
0.27 3.01062901185185 -1.28044224662963
0.28 3.00012904914286 -1.27590014110714
0.29 2.98881023062069 -1.2700421397931
0.3 2.97664571616667 -1.26280224956667
0.31 2.96361057229032 -1.25412018658065
0.32 2.9496819270625 -1.24394177659375
0.33 2.93483911115151 -1.23221931278788
0.34 2.91906378532353 -1.21891186902941
0.35 2.90234005285714 -1.20398556602857
0.36 2.88465455722222 -1.18741378969444
0.37 2.8659965627027 -1.16917735975676
0.38 2.84635802078947 -1.14926464855263
0.39 2.82573361846154 -1.12767164879487
0.4 2.804120811 -1.10440199105
0.41 2.78151983853659 -1.07946691060976
0.42 2.75793372571429 -1.05288516485714
0.43 2.7333682644186 -1.02468290195349
0.44 2.70783198386364 -0.994893482545455
0.45 2.68133610177778 -0.9635572558
0.46 2.6538944626087 -0.930721292434783
0.47 2.62552346255319 -0.896439076617021
0.48 2.59624195958333 -0.860770159666667
0.49 2.5660711722449 -0.823779778612245
0.5 2.5350345666 -0.78553844252
0.51 2.50315773196078 -0.746121490176471
0.52 2.47046824865385 -0.705608622769231
0.53 2.43699554679245 -0.664083415207547
0.54 2.40277075703704 -0.621632809925926
0.55 2.36782655672727 -0.5783465974
0.56 2.33219701053571 -0.534316887017857
0.57 2.2959174077193 -0.489637572842105
0.58 2.25902409758621 -0.444403797948276
0.59 2.22155432305085 -0.398711421525424
0.6 2.18354605483333 -0.35265649285
0.61 2.14503782754098 -0.306334735786885
0.62 2.10606857774194 -0.259841047580645
0.63 2.06667748603175 -0.213269015809524
0.64 2.02690382359375 -0.1667104564375
0.65 1.98678680461538 -0.120254976646154
0.66 1.94636544590909 -0.07398956505
0.67 1.9056784338806 -0.0279982120835821
0.68 1.86476399955882 0.0176384369338235
0.69 1.82365980318841 0.0628433940492754
0.7 1.78240282871429 0.107543604411429
0.71 1.74102928816901 0.151670184
0.72 1.69957453666667 0.195158618222222
0.73 1.65807299890411 0.23794892060274
0.74 1.61655810675676 0.279985751108108
0.75 1.57506224786667 0.321218494026667
0.76 1.53361672592105 0.361601295552632
0.77 1.49225173220779 0.401093061948052
0.78 1.45099632807692 0.439657418846154
0.79 1.40987843848101 0.477262633253165
0.8 1.368924855625 0.5138814997375
0.81 1.32816125259259 0.549491192518519
0.82 1.28761220670732 0.584073085939024
0.83 1.24730123084337 0.617612545349398
0.84 1.20725081392857 0.650098691357143
0.85 1.1674824672 0.681524140082353
0.86 1.12801677830233 0.711884722616279
0.87 1.08887346993103 0.741179186781609
0.88 1.05007146348864 0.769408884511364
0.89 1.01162894624719 0.796577448303371
0.9 0.973563441211111 0.822690460311111
0.91 0.935891878582418 0.847755117373626
0.92 0.898630667880435 0.871779895728261
0.93 0.861795769827957 0.894774218741936
0.94 0.825402766723404 0.916748131180851
0.95 0.789466930747368 0.937711983326316
0.96 0.754003288927083 0.957676128072917
0.97 0.719026684103093 0.976650634206186
0.98 0.684551830959184 0.994645018612245
0.99 0.650593366373737 1.01166800020202
1 0.61716589343 1.0277272778
1.01 0.584284018386139 1.04282933465347
1.02 0.55196238004902 1.05697927068627
1.03 0.520215671174757 1.07018066485437
1.04 0.489058651355769 1.08243546875
1.05 0.458506151228571 1.09374393257143
1.06 0.428573067811321 1.10410456292453
1.07 0.39927435071028 1.11351411542056
1.08 0.370624979407407 1.12196761916667
1.09 0.34263993153211 1.12945843522936
1.1 0.315334142445455 1.13597834636364
1.11 0.288722456342342 1.14151767882883
1.12 0.262819569276786 1.14606545401786
1.13 0.237639964584071 1.14960956867257
1.14 0.213197841280702 1.15213700105263
1.15 0.189507035973913 1.153634042
1.16 0.166580939172414 1.15408654836207
1.17 0.144432406581197 1.15348021444444
1.18 0.123073666347458 1.15180086135593
1.19 0.102516223159664 1.14903473907563
1.2 0.0827707600766667 1.14516883825
1.21 0.0638470390628099 1.14019121016529
1.22 0.0457538013467213 1.13409128918033
1.23 0.028498668500813 1.12686021528455
1.24 0.0120880453717742 1.11849115346774
1.25 -0.00347297415104 1.10897960576
1.26 -0.0181806974634921 1.09832371309524
1.27 -0.0320329186858268 1.0865245423622
1.28 -0.045028998209375 1.0735863575
1.29 -0.0571699354139535 1.05951686844961
1.3 -0.0684584336561538 1.04432745815385
1.31 -0.0788989566717557 1.02803338175573
1.32 -0.0884977756287879 1.01065393780303
1.33 -0.0972630060676692 0.992212606992481
1.34 -0.105204634179104 0.972737157910448
1.35 -0.112334531777778 0.952259717037037
1.36 -0.118666459536765 0.930816801029412
1.37 -0.124216058124088 0.908449311386861
1.38 -0.129000826956522 0.885202489347826
1.39 -0.133040090417266 0.861125830215827
1.4 -0.136354951371429 0.8362729585
1.41 -0.138968232148936 0.810701461631206
1.42 -0.140904403049296 0.784472684929577
1.43 -0.14218949858042 0.757651486293706
1.44 -0.142851021840278 0.730305954375
1.45 -0.142917837468966 0.702507088827586
1.46 -0.142420053623288 0.674328446760274
1.47 -0.141388893768707 0.645845755931973
1.48 -0.139856558831081 0.617136497939189
1.49 -0.13785608061745 0.588279463463087
1.5 -0.135421167353333 0.559354282753333
1.51 -0.132586042284768 0.530440934350993
1.52 -0.129385276315789 0.501619235460526
1.53 -0.125853615849673 0.472968317281046
1.54 -0.12202580675974 0.444566089136364
1.55 -0.117936415812903 0.416488694987097
1.56 -0.113619650621795 0.38880996623718
1.57 -0.109109179286624 0.361600874789809
1.58 -0.104437950987342 0.334928989797468
1.59 -0.099638018591195 0.308857942522013
1.6 -0.0947403664125 0.283446915725
1.61 -0.0897747375403727 0.25875011389441
1.62 -0.0847696207037037 0.23481739132716
1.63 -0.079752358809816 0.211695625398773
1.64 -0.0747491117743903 0.189428839640244
1.65 -0.0697847544242424 0.168057798072727
1.66 -0.0648827876746988 0.147619678331325
1.67 -0.0600652557065868 0.128147762167665
1.68 -0.055352671239881 0.109671157136905
1.69 -0.0507639498573964 0.0922145520769231
1.7 -0.0463163538511765 0.0757980084764706
1.71 -0.0420254462859649 0.0604367895146199
1.72 -0.037905055705814 0.046141228097093
1.73 -0.0339672518375723 0.0329166350075145
1.74 -0.0302223325494253 0.0207632475356322
1.75 -0.0266788221925714 0.00967621893142857
1.76 -0.0233434813681818 -0.000354351548431818
1.77 -0.0202213280316384 -0.00934334858022599
1.78 -0.0173156697657303 -0.0173105315095506
1.79 -0.0146281469435754 -0.0242803871167598
1.8 -0.0121587864094444 -0.0302819458877778
1.81 -0.00990606521823204 -0.0353485635928177
1.82 -0.00786698389120879 -0.0395176702208791
1.83 -0.00603714856284153 -0.0428304885273224
1.84 -0.00441086132983696 -0.0453317247559783
1.85 -0.00298121804010811 -0.0470692342367568
1.86 -0.00174021270607527 -0.0480936647478495
1.87 -0.000678847683903743 -0.0484580806759358
1.88 0.0002127513025 -0.0482175712074468
1.89 0.000945216220793651 -0.0474288457539683
1.9 0.00152981485026316 -0.0461498200215789
1.91 0.00197832694235602 -0.044439196091623
1.92 0.00230291942036458 -0.0423560399510417
1.93 0.00251602161487047 -0.0399593599
1.94 0.0026302015171134 -0.0373076891783505
1.95 0.00265804402753846 -0.034458676165641
1.96 0.00261203215367347 -0.0314686854020408
1.97 0.00250443434649746 -0.0283924197258883
1.98 0.00234717748924242 -0.0252824990535354
1.99 0.00215178858020101 -0.0221892579979899
2 0.00192923864585 -0.019160237953
2.01 0.00168932667298507 -0.0162382276089552
2.02 0.00143916085559406 -0.013456446200495
2.03 0.00118768919748768 -0.0108528458832512
2.04 0.000944177859852941 -0.00846531423186274
2.05 0.000716625593512195 -0.00632666968439024
2.06 0.000512032809757282 -0.00446550881378641
2.07 0.000336303911458937 -0.00290590101671498
2.08 0.000194286472591346 -0.00166793150399038
2.09 8.8999306631579e-05 -0.000761206090909091
2.1 2.46975144161905e-05 -0.000211162616780952
2.11 6.46499651232228e-07 -5.85443766161137e-06
2.12 -9.67155359811321e-07 8.16344316650943e-06
2.13 4.83192539342723e-07 -4.08528713375587e-06
2.14 -7.28068091495327e-08 6.15269803738318e-07
2.15 4.2283626264186e-11 -1.39899923069767e-10
2.16 0 0
2.17 0 0
2.18 0 0
2.19 0 0
2.2 0 0
2.21 0 0
2.22 0 0
2.23 0 0
2.24 0 0
2.25 0 0
2.26 0 0
2.27 0 0
2.28 0 0
2.29 0 0
2.3 0 0
2.31 0 0
2.32 0 0
2.33 0 0
2.34 0 0
2.35 0 0
2.36 0 0
2.37 0 0
2.38 0 0
2.39 0 0
2.4 0 0
2.41 0 0
2.42 0 0
2.43 0 0
2.44 0 0
2.45 0 0
2.46 0 0
2.47 0 0
2.48 0 0
2.49 0 0
2.5 0 0
2.51 0 0
2.52 0 0
2.53 0 0
2.54 0 0
2.55 0 0
2.56 0 0
2.57 0 0
2.58 0 0
2.59 0 0
2.6 0 0
2.61 0 0
2.62 0 0
2.63 0 0
2.64 0 0
2.65 0 0
2.66 0 0
2.67 0 0
2.68 0 0
2.69 0 0
2.7 0 0
2.71 0 0
2.72 0 0
2.73 0 0
2.74 0 0
2.75 0 0
2.76 0 0
2.77 0 0
2.78 0 0
2.79 0 0
2.8 0 0
2.81 0 0
2.82 0 0
2.83 0 0
2.84 0 0
2.85 0 0
2.86 0 0
2.87 0 0
2.88 0 0
2.89 0 0
2.9 0 0
2.91 0 0
2.92 0 0
2.93 0 0
2.94 0 0
2.95 0 0
2.96 0 0
2.97 0 0
2.98 0 0
2.99 0 0
3 0 0
3.01 0 0
3.02 0 0
3.03 0 0
3.04 0 0
3.05 0 0
3.06 0 0
3.07 0 0
3.08 0 0
3.09 0 0
3.1 0 0
3.11 0 0
3.12 0 0
3.13 0 0
3.14 0 0
3.15 0 0
3.16 0 0
3.17 0 0
3.18 0 0
3.19 0 0
3.2 0 0
3.21 0 0
3.22 0 0
3.23 0 0
3.24 0 0
3.25 0 0
3.26 0 0
3.27 0 0
3.28 0 0
3.29 0 0
3.3 0 0
3.31 0 0
3.32 0 0
3.33 0 0
3.34 0 0
3.35 0 0
3.36 0 0
3.37 0 0
3.38 0 0
3.39 0 0
3.4 0 0
3.41 0 0
3.42 0 0
3.43 0 0
3.44 0 0
3.45 0 0
3.46 0 0
3.47 0 0
3.48 0 0
3.49 0 0
3.5 0 0
3.51 0 0
3.52 0 0
3.53 0 0
3.54 0 0
3.55 0 0
3.56 0 0
3.57 0 0
3.58 0 0
3.59 0 0
3.6 0 0
3.61 0 0
3.62 0 0
3.63 0 0
3.64 0 0
3.65 0 0
3.66 0 0
3.67 0 0
3.68 0 0
3.69 0 0
3.7 0 0
3.71 0 0
3.72 0 0
3.73 0 0
3.74 0 0
3.75 0 0
3.76 0 0
3.77 0 0
3.78 0 0
3.79 0 0
3.8 0 0
3.81 0 0
3.82 0 0
3.83 0 0
3.84 0 0
3.85 0 0
3.86 0 0
3.87 0 0
3.88 0 0
3.89 0 0
3.9 0 0
3.91 0 0
3.92 0 0
3.93 0 0
3.94 0 0
3.95 0 0
3.96 0 0
3.97 0 0
3.98 0 0
3.99 0 0
4 0 0
4.01 0 0
4.02 0 0
4.03 0 0
4.04 0 0
4.05 0 0
4.06 0 0
4.07 0 0
4.08 0 0
4.09 0 0
4.1 0 0
4.11 0 0
4.12 0 0
4.13 0 0
4.14 0 0
4.15 0 0
4.16 0 0
4.17 0 0
4.18 0 0
4.19 0 0
4.2 0 0
4.21 0 0
4.22 0 0
4.23 0 0
4.24 0 0
4.25 0 0
4.26 0 0
4.27 0 0
4.28 0 0
4.29 0 0
4.3 0 0
4.31 0 0
4.32 0 0
4.33 0 0
4.34 0 0
4.35 0 0
4.36 0 0
4.37 0 0
4.38 0 0
4.39 0 0
4.4 0 0
4.41 0 0
4.42 0 0
4.43 0 0
4.44 0 0
4.45 0 0
4.46 0 0
4.47 0 0
4.48 0 0
4.49 0 0
4.5 0 0
4.51 0 0
4.52 0 0
4.53 0 0
4.54 0 0
4.55 0 0
4.56 0 0
4.57 0 0
4.58 0 0
4.59 0 0
4.6 0 0
4.61 0 0
4.62 0 0
4.63 0 0
4.64 0 0
4.65 0 0
4.66 0 0
4.67 0 0
4.68 0 0
4.69 0 0
4.7 0 0
4.71 0 0
4.72 0 0
4.73 0 0
4.74 0 0
4.75 0 0
4.76 0 0
4.77 0 0
4.78 0 0
4.79 0 0
4.8 0 0
4.81 0 0
4.82 0 0
4.83 0 0
4.84 0 0
4.85 0 0
4.86 0 0
4.87 0 0
4.88 0 0
4.89 0 0
4.9 0 0
4.91 0 0
4.92 0 0
4.93 0 0
4.94 0 0
4.95 0 0
4.96 0 0
4.97 0 0
4.98 0 0
4.99 0 0
5 0 0
5.01 0 0
5.02 0 0
5.03 0 0
5.04 0 0
5.05 0 0
5.06 0 0
5.07 0 0
5.08 0 0
5.09 0 0
5.1 0 0
5.11 0 0
5.12 0 0
5.13 0 0
5.14 0 0
5.15 0 0
5.16 0 0
5.17 0 0
5.18 0 0
5.19 0 0
5.2 0 0
5.21 0 0
5.22 0 0
5.23 0 0
5.24 0 0
5.25 0 0
5.26 0 0
5.27 0 0
5.28 0 0
5.29 0 0
5.3 0 0
5.31 0 0
5.32 0 0
5.33 0 0
5.34 0 0
5.35 0 0
5.36 0 0
5.37 0 0
5.38 0 0
5.39 0 0
5.4 0 0
5.41 0 0
5.42 0 0
5.43 0 0
5.44 0 0
5.45 0 0
5.46 0 0
5.47 0 0
5.48 0 0
5.49 0 0
5.5 0 0
5.51 0 0
5.52 0 0
5.53 0 0
5.54 0 0
5.55 0 0
5.56 0 0
5.57 0 0
5.58 0 0
5.59 0 0
5.6 0 0
5.61 0 0
5.62 0 0
5.63 0 0
5.64 0 0
5.65 0 0
5.66 0 0
5.67 0 0
5.68 0 0
5.69 0 0
5.7 0 0
5.71 0 0
5.72 0 0
5.73 0 0
5.74 0 0
5.75 0 0
5.76 0 0
5.77 0 0
5.78 0 0
5.79 0 0
5.8 0 0
5.81 0 0
5.82 0 0
5.83 0 0
5.84 0 0
5.85 0 0
5.86 0 0
5.87 0 0
5.88 0 0
5.89 0 0
5.9 0 0
5.91 0 0
5.92 0 0
5.93 0 0
5.94 0 0
5.95 0 0
5.96 0 0
5.97 0 0
5.98 0 0
5.99 0 0
6 0 0
6.01 0 0
6.02 0 0
6.03 0 0
6.04 0 0
6.05 0 0
6.06 0 0
6.07 0 0
6.08 0 0
6.09 0 0
6.1 0 0
6.11 0 0
6.12 0 0
6.13 0 0
6.14 0 0
6.15 0 0
6.16 0 0
6.17 0 0
6.18 0 0
6.19 0 0
6.2 0 0
6.21 0 0
6.22 0 0
6.23 0 0
6.24 0 0
6.25 0 0
6.26 0 0
6.27 0 0
6.28 0 0
6.29 0 0
6.3 0 0
6.31 0 0
6.32 0 0
6.33 0 0
6.34 0 0
6.35 0 0
6.36 0 0
6.37 0 0
6.38 0 0
6.39 0 0
6.4 0 0
6.41 0 0
6.42 0 0
6.43 0 0
6.44 0 0
6.45 0 0
6.46 0 0
6.47 0 0
6.48 0 0
6.49 0 0
6.5 0 0
6.51 0 0
6.52 0 0
6.53 0 0
6.54 0 0
6.55 0 0
6.56 0 0
6.57 0 0
6.58 0 0
6.59 0 0
6.6 0 0
6.61 0 0
6.62 0 0
6.63 0 0
6.64 0 0
6.65 0 0
6.66 0 0
6.67 0 0
6.68 0 0
6.69 0 0
6.7 0 0
6.71 0 0
6.72 0 0
6.73 0 0
6.74 0 0
6.75 0 0
6.76 0 0
6.77 0 0
6.78 0 0
6.79 0 0
6.8 0 0
6.81 0 0
6.82 0 0
6.83 0 0
6.84 0 0
6.85 0 0
6.86 0 0
6.87 0 0
6.88 0 0
6.89 0 0
6.9 0 0
6.91 0 0
6.92 0 0
6.93 0 0
6.94 0 0
6.95 0 0
6.96 0 0
6.97 0 0
6.98 0 0
6.99 0 0
7 0 0
7.01 0 0
7.02 0 0
7.03 0 0
7.04 0 0
7.05 0 0
7.06 0 0
7.07 0 0
7.08 0 0
7.09 0 0
7.1 0 0
7.11 0 0
7.12 0 0
7.13 0 0
7.14 0 0
7.15 0 0
7.16 0 0
7.17 0 0
7.18 0 0
7.19 0 0
7.2 0 0
7.21 0 0
7.22 0 0
7.23 0 0
7.24 0 0
7.25 0 0
7.26 0 0
7.27 0 0
7.28 0 0
7.29 0 0
7.3 0 0
7.31 0 0
7.32 0 0
7.33 0 0
7.34 0 0
7.35 0 0
7.36 0 0
7.37 0 0
7.38 0 0
7.39 0 0
7.4 0 0
7.41 0 0
7.42 0 0
7.43 0 0
7.44 0 0
7.45 0 0
7.46 0 0
7.47 0 0
7.48 0 0
7.49 0 0
7.5 0 0
7.51 0 0
7.52 0 0
7.53 0 0
7.54 0 0
7.55 0 0
7.56 0 0
7.57 0 0
7.58 0 0
7.59 0 0
7.6 0 0
7.61 0 0
7.62 0 0
7.63 0 0
7.64 0 0
7.65 0 0
7.66 0 0
7.67 0 0
7.68 0 0
7.69 0 0
7.7 0 0
7.71 0 0
7.72 0 0
7.73 0 0
7.74 0 0
7.75 0 0
7.76 0 0
7.77 0 0
7.78 0 0
7.79 0 0
7.8 0 0
7.81 0 0
7.82 0 0
7.83 0 0
7.84 0 0
7.85 0 0
7.86 0 0
7.87 0 0
7.88 0 0
7.89 0 0
7.9 0 0
7.91 0 0
7.92 0 0
7.93 0 0
7.94 0 0
7.95 0 0
7.96 0 0
7.97 0 0
7.98 0 0
7.99 0 0
8 0 0
8.01 0 0
8.02 0 0
8.03 0 0
8.04 0 0
8.05 0 0
8.06 0 0
8.07 0 0
8.08 0 0
8.09 0 0
8.1 0 0
8.11 0 0
8.12 0 0
8.13 0 0
8.14 0 0
8.15 0 0
8.16 0 0
8.17 0 0
8.18 0 0
8.19 0 0
8.2 0 0
8.21 0 0
8.22 0 0
8.23 0 0
8.24 0 0
8.25 0 0
8.26 0 0
8.27 0 0
8.28 0 0
8.29 0 0
8.3 0 0
8.31 0 0
8.32 0 0
8.33 0 0
8.34 0 0
8.35 0 0
8.36 0 0
8.37 0 0
8.38 0 0
8.39 0 0
8.4 0 0
8.41 0 0
8.42 0 0
8.43 0 0
8.44 0 0
8.45 0 0
8.46 0 0
8.47 0 0
8.48 0 0
8.49 0 0
8.5 0 0
8.51 0 0
8.52 0 0
8.53 0 0
8.54 0 0
8.55 0 0
8.56 0 0
8.57 0 0
8.58 0 0
8.59 0 0
8.6 0 0
8.61 0 0
8.62 0 0
8.63 0 0
8.64 0 0
8.65 0 0
8.66 0 0
8.67 0 0
8.68 0 0
8.69 0 0
8.7 0 0
8.71 0 0
8.72 0 0
8.73 0 0
8.74 0 0
8.75 0 0
8.76 0 0
8.77 0 0
8.78 0 0
8.79 0 0
8.8 0 0
8.81 0 0
8.82 0 0
8.83 0 0
8.84 0 0
8.85 0 0
8.86 0 0
8.87 0 0
8.88 0 0
8.89 0 0
8.9 0 0
8.91 0 0
8.92 0 0
8.93 0 0
8.94 0 0
8.95 0 0
8.96 0 0
8.97 0 0
8.98 0 0
8.99 0 0
9 0 0
9.01 0 0
9.02 0 0
9.03 0 0
9.04 0 0
9.05 0 0
9.06 0 0
9.07 0 0
9.08 0 0
9.09 0 0
9.1 0 0
9.11 0 0
9.12 0 0
9.13 0 0
9.14 0 0
9.15 0 0
9.16 0 0
9.17 0 0
9.18 0 0
9.19 0 0
9.2 0 0
9.21 0 0
9.22 0 0
9.23 0 0
9.24 0 0
9.25 0 0
9.26 0 0
9.27 0 0
9.28 0 0
9.29 0 0
9.3 0 0
9.31 0 0
9.32 0 0
9.33 0 0
9.34 0 0
9.35 0 0
9.36 0 0
9.37 0 0
9.38 0 0
9.39 0 0
9.4 0 0
9.41 0 0
9.42 0 0
9.43 0 0
9.44 0 0
9.45 0 0
9.46 0 0
9.47 0 0
9.48 0 0
9.49 0 0
9.5 0 0
9.51 0 0
9.52 0 0
9.53 0 0
9.54 0 0
9.55 0 0
9.56 0 0
9.57 0 0
9.58 0 0
9.59 0 0
9.6 0 0
9.61 0 0
9.62 0 0
9.63 0 0
9.64 0 0
9.65 0 0
9.66 0 0
9.67 0 0
9.68 0 0
9.69 0 0
9.7 0 0
9.71 0 0
9.72 0 0
9.73 0 0
9.74 0 0
9.75 0 0
9.76 0 0
9.77 0 0
9.78 0 0
9.79 0 0
9.8 0 0
9.81 0 0
9.82 0 0
9.83 0 0
9.84 0 0
9.85 0 0
9.86 0 0
9.87 0 0
9.88 0 0
9.89 0 0
9.9 0 0
9.91 0 0
9.92 0 0
9.93 0 0
9.94 0 0
9.95 0 0
9.96 0 0
9.97 0 0
9.98 0 0
9.99 0 0
10 0 0
10.01 0 0
10.02 0 0
10.03 0 0
10.04 0 0
10.05 0 0
10.06 0 0
10.07 0 0
10.08 0 0
10.09 0 0
10.1 0 0
10.11 0 0
10.12 0 0
10.13 0 0
10.14 0 0
10.15 0 0
10.16 0 0
10.17 0 0
10.18 0 0
10.19 0 0
10.2 0 0
10.21 0 0
10.22 0 0
10.23 0 0
10.24 0 0
10.25 0 0
10.26 0 0
10.27 0 0
10.28 0 0
10.29 0 0
10.3 0 0
10.31 0 0
10.32 0 0
10.33 0 0
10.34 0 0
10.35 0 0
10.36 0 0
10.37 0 0
10.38 0 0
10.39 0 0
10.4 0 0
10.41 0 0
10.42 0 0
10.43 0 0
10.44 0 0
10.45 0 0
10.46 0 0
10.47 0 0
10.48 0 0
10.49 0 0
10.5 0 0
10.51 0 0
10.52 0 0
10.53 0 0
10.54 0 0
10.55 0 0
10.56 0 0
10.57 0 0
10.58 0 0
10.59 0 0
10.6 0 0
10.61 0 0
10.62 0 0
10.63 0 0
10.64 0 0
10.65 0 0
10.66 0 0
10.67 0 0
10.68 0 0
10.69 0 0
10.7 0 0
10.71 0 0
10.72 0 0
10.73 0 0
10.74 0 0
10.75 0 0
10.76 0 0
10.77 0 0
10.78 0 0
10.79 0 0
10.8 0 0
10.81 0 0
10.82 0 0
10.83 0 0
10.84 0 0
10.85 0 0
10.86 0 0
10.87 0 0
10.88 0 0
10.89 0 0
10.9 0 0
10.91 0 0
10.92 0 0
10.93 0 0
10.94 0 0
10.95 0 0
10.96 0 0
10.97 0 0
10.98 0 0
10.99 0 0
11 0 0
11.01 0 0
11.02 0 0
11.03 0 0
11.04 0 0
11.05 0 0
11.06 0 0
11.07 0 0
11.08 0 0
11.09 0 0
11.1 0 0
11.11 0 0
11.12 0 0
11.13 0 0
11.14 0 0
11.15 0 0
11.16 0 0
11.17 0 0
11.18 0 0
11.19 0 0
11.2 0 0
11.21 0 0
11.22 0 0
11.23 0 0
11.24 0 0
11.25 0 0
11.26 0 0
11.27 0 0
11.28 0 0
11.29 0 0
11.3 0 0
11.31 0 0
11.32 0 0
11.33 0 0
11.34 0 0
11.35 0 0
11.36 0 0
11.37 0 0
11.38 0 0
11.39 0 0
11.4 0 0
11.41 0 0
11.42 0 0
11.43 0 0
11.44 0 0
11.45 0 0
11.46 0 0
11.47 0 0
11.48 0 0
11.49 0 0
11.5 0 0
11.51 0 0
11.52 0 0
11.53 0 0
11.54 0 0
11.55 0 0
11.56 0 0
11.57 0 0
11.58 0 0
11.59 0 0
11.6 0 0
11.61 0 0
11.62 0 0
11.63 0 0
11.64 0 0
11.65 0 0
11.66 0 0
11.67 0 0
11.68 0 0
11.69 0 0
11.7 0 0
11.71 0 0
11.72 0 0
11.73 0 0
11.74 0 0
11.75 0 0
11.76 0 0
11.77 0 0
11.78 0 0
11.79 0 0
11.8 0 0
11.81 0 0
11.82 0 0
11.83 0 0
11.84 0 0
11.85 0 0
11.86 0 0
11.87 0 0
11.88 0 0
11.89 0 0
11.9 0 0
11.91 0 0
11.92 0 0
11.93 0 0
11.94 0 0
11.95 0 0
11.96 0 0
11.97 0 0
11.98 0 0
11.99 0 0
12 0 0
12.01 0 0
12.02 0 0
12.03 0 0
12.04 0 0
12.05 0 0
12.06 0 0
12.07 0 0
12.08 0 0
12.09 0 0
12.1 0 0
12.11 0 0
12.12 0 0
12.13 0 0
12.14 0 0
12.15 0 0
12.16 0 0
12.17 0 0
12.18 0 0
12.19 0 0
12.2 0 0
12.21 0 0
12.22 0 0
12.23 0 0
12.24 0 0
12.25 0 0
12.26 0 0
12.27 0 0
12.28 0 0
12.29 0 0
12.3 0 0
12.31 0 0
12.32 0 0
12.33 0 0
12.34 0 0
12.35 0 0
12.36 0 0
12.37 0 0
12.38 0 0
12.39 0 0
12.4 0 0
12.41 0 0
12.42 0 0
12.43 0 0
12.44 0 0
12.45 0 0
12.46 0 0
12.47 0 0
12.48 0 0
12.49 0 0
12.5 0 0
12.51 0 0
12.52 0 0
12.53 0 0
12.54 0 0
12.55 0 0
12.56 0 0
12.57 0 0
12.58 0 0
12.59 0 0
12.6 0 0
12.61 0 0
12.62 0 0
12.63 0 0
12.64 0 0
12.65 0 0
12.66 0 0
12.67 0 0
12.68 0 0
12.69 0 0
12.7 0 0
12.71 0 0
12.72 0 0
12.73 0 0
12.74 0 0
12.75 0 0
12.76 0 0
12.77 0 0
12.78 0 0
12.79 0 0
12.8 0 0
12.81 0 0
12.82 0 0
12.83 0 0
12.84 0 0
12.85 0 0
12.86 0 0
12.87 0 0
12.88 0 0
12.89 0 0
12.9 0 0
12.91 0 0
12.92 0 0
12.93 0 0
12.94 0 0
12.95 0 0
12.96 0 0
12.97 0 0
12.98 0 0
12.99 0 0
13 0 0
13.01 0 0
13.02 0 0
13.03 0 0
13.04 0 0
13.05 0 0
13.06 0 0
13.07 0 0
13.08 0 0
13.09 0 0
13.1 0 0
13.11 0 0
13.12 0 0
13.13 0 0
13.14 0 0
13.15 0 0
13.16 0 0
13.17 0 0
13.18 0 0
13.19 0 0
13.2 0 0
13.21 0 0
13.22 0 0
13.23 0 0
13.24 0 0
13.25 0 0
13.26 0 0
13.27 0 0
13.28 0 0
13.29 0 0
13.3 0 0
13.31 0 0
13.32 0 0
13.33 0 0
13.34 0 0
13.35 0 0
13.36 0 0
13.37 0 0
13.38 0 0
13.39 0 0
13.4 0 0
13.41 0 0
13.42 0 0
13.43 0 0
13.44 0 0
13.45 0 0
13.46 0 0
13.47 0 0
13.48 0 0
13.49 0 0
