0 -0.032251880944 0.12828395845
0.01 -0.032251880944 0.12828395845
0.02 -0.064312656725 0.25621365404
0.03 -0.0959918741933333 0.383435871966667
0.04 -0.127100383295 0.50959949255
0.05 -0.15745098624 0.63435653654
0.06 -0.1868590838 0.757363207433333
0.07 -0.215143317614286 0.878280929842857
0.08 -0.2421262075375 0.9967773825
0.09 -0.267634782622222 1.11252752444444
0.1 -0.29150120461 1.225214613
0.11 -0.313563382418182 1.33453121081818
0.12 -0.333665576241667 1.4401801815
0.13 -0.3516589894 1.54187566907692
0.14 -0.367402346385714 1.63934406092857
0.15 -0.380762455106667 1.73232492966667
0.16 -0.39161475126875 1.8205719513125
0.17 -0.399843822870588 1.90385379658824
0.18 -0.405343912422222 1.98195499044444
0.19 -0.408019394652632 2.05467673747368
0.2 -0.407785227185 2.12183770735
0.21 -0.404567371661905 2.18327477695238
0.22 -0.398303182836364 2.23884372440909
0.23 -0.38894176293913 2.28841987008696
0.24 -0.376444278770833 2.33189866025
0.25 -0.360784238948 2.3691961882
0.26 -0.341947728730769 2.40024964869231
0.27 -0.319933600011111 2.42501772062963
0.28 -0.294753614107143 2.44348087367857
0.29 -0.266432535148276 2.45564159475862
0.3 -0.235008172 2.46152453
0.31 -0.200531366890323 2.46117653896774
0.32 -0.163065929140625 2.4546666574375
0.33 -0.1226885126 2.44208596618182
0.34 -0.0794884357382353 2.42354736326471
0.35 -0.0335674436285714 2.3991852378
0.36 0.0149605886427778 2.36915504436111
0.37 0.0659700111675676 2.33363277708108
0.38 0.119323812776316 2.29281434352632
0.39 0.174874092248718 2.24691483907692
0.4 0.23246258612 2.19616772325
0.41 0.291921251585366 2.14082390014634
0.42 0.353072902690476 2.08115070585714
0.43 0.415731897302326 2.01743080644186
0.44 0.479704872568182 1.94996101086364
0.45 0.544791525288889 1.879051004
0.46 0.610785434065217 1.80502200552174
0.47 0.677474919319149 1.72820536082979
0.48 0.744643936895833 1.64894107164583
0.49 0.812073001 1.5675762732449
0.5 0.87954013124 1.48446366714
0.51 0.946821819333333 1.39995991756863
0.52 1.01369400971154 1.31442402086538
0.53 1.07993308883019 1.22821565730189
0.54 1.14531687753704 1.14169353496296
0.55 1.2096256208 1.05521373569091
0.56 1.27264296905357 0.969128073
0.57 1.33415694552632 0.883782472
0.58 1.39396089363793 0.799515381465517
0.59 1.4518543989322 0.716656227644068
0.6 1.50764418015 0.6355239198
0.61 1.56114494390164 0.556425416426229
0.62 1.61218019801613 0.479654361241936
0.63 1.66058301857143 0.405489797587302
0.64 1.7061967665625 0.3341949688125
0.65 1.74887574846154 0.266016212261538
0.66 1.78848581969697 0.201181953333333
0.67 1.82490492402985 0.13990180568209
0.68 1.85802356970588 0.0823657825235294
0.69 1.88774523565217 0.028743623442029
0.7 1.91398671042857 -0.0208157598385714
0.71 1.9366783571831 -0.0661847161929578
0.72 1.95576430875 -0.107257164702778
0.73 1.97120258808219 -0.143948780383562
0.74 1.98296515702703 -0.176197056216216
0.75 1.99103789173333 -0.203961242626667
0.76 1.99542048736842 -0.227222166315789
0.77 1.99612629233766 -0.245981931415584
0.78 1.99318207589744 -0.260263506653846
0.79 1.98662772810127 -0.270110202949367
0.8 1.97651589925 -0.2755850468125
0.81 1.96291157876543 -0.276770055419753
0.82 1.94589161804878 -0.27376542
0.83 1.92554420240964 -0.266688604650602
0.84 1.9019682747619 -0.255673368285714
0.85 1.875272916 -0.240868717705882
0.86 1.84557668686047 -0.222437800325581
0.87 1.81300693701149 -0.20055674516092
0.88 1.77769908443182 -0.175413460954545
0.89 1.73979587134831 -0.147206400438202
0.9 1.69944660244444 -0.116143299733333
0.91 1.65680636824176 -0.0824399016769231
0.92 1.61203526163043 -0.0463186721315217
0.93 1.56529758924731 -0.00800751757784946
0.94 1.51676108531915 0.0322614875531915
0.95 1.46659613094737 0.0742533559136842
0.96 1.41497498333333 0.117731417114583
0.97 1.36207102041237 0.162458515350515
0.98 1.30805800255102 0.208198168306122
0.99 1.25310935757576 0.254715681252525
1 1.19739749 0.30177921096
1.01 1.14109311910891 0.349160774831683
1.02 1.08436464833333 0.396637200823529
1.03 1.02737756679612 0.443991014941748
1.04 0.970293887115385 0.491011263432692
1.05 0.913271619228571 0.537494267466667
1.06 0.856464282698113 0.583244308877358
1.07 0.800020457728972 0.628074246121495
1.08 0.744083375564815 0.67180606012037
1.09 0.688790548706422 0.714271330449541
1.1 0.634273440636364 0.755311642718182
1.11 0.580657174828829 0.79477892845045
1.12 0.528060282339286 0.832535739580357
1.13 0.476594487185841 0.868455459557522
1.14 0.42636452827193 0.902422454035088
1.15 0.377468016765217 0.934332164
1.16 0.329995327284483 0.964091144224138
1.17 0.284029521444444 0.991617051880342
1.18 0.239646302025424 1.01683858635593
1.19 0.196913995932773 1.03969538731092
1.2 0.155893564191667 1.06013789191667
1.21 0.11663863707438 1.07812715652893
1.22 0.0791955724729508 1.09363464614754
1.23 0.0436035357552846 1.10664199560976
1.24 0.00989459921290323 1.11714074532258
1.25 -0.0219061405688 1.12513205552
1.26 -0.0517804291047619 1.13062640190476
1.27 -0.0797167057165354 1.13364325590551
1.28 -0.105709942 1.13421075109375
1.29 -0.129761468418605 1.13236533992248
1.3 -0.151878790153846 1.12815144107692
1.31 -0.172075393381679 1.12162108045802
1.32 -0.190370542848485 1.11283352674242
1.33 -0.206789071586466 1.10185492270677
1.34 -0.221361163462687 1.08875791328358
1.35 -0.234122129081481 1.07362127148148
1.36 -0.245112175529412 1.05652952183824
1.37 -0.254376170270073 1.03757256175182
1.38 -0.261963399434783 1.01684528123188
1.39 -0.267927320683453 0.994447179928058
1.4 -0.272325310728571 0.970481981928572
1.41 -0.275218407517731 0.945057247446809
1.42 -0.276671047140845 0.91828398028169
1.43 -0.276750795405594 0.890276231748252
1.44 -0.275528074048611 0.861150699444444
1.45 -0.2730758816 0.83102632
1.46 -0.269469508869863 0.80002385630137
1.47 -0.264786249163265 0.76826547755102
1.48 -0.25910510327027 0.735874332972973
1.49 -0.25250647947651 0.702974117315436
1.5 -0.245071888746667 0.6696886298
1.51 -0.236883635543046 0.63614132507947
1.52 -0.228024504611842 0.602454857578947
1.53 -0.218577444313725 0.568750618928105
1.54 -0.208625247136364 0.535148269623377
1.55 -0.198250228135484 0.501765265625806
1.56 -0.187533902153846 0.468716381038462
1.57 -0.176556660732484 0.436113228229299
1.58 -0.165397449816456 0.404063776721519
1.59 -0.154133449333333 0.372671872754717
1.6 -0.1428397576875 0.34203677181875
1.61 -0.131589075888199 0.312252647850932
1.62 -0.120451550919753 0.283409022882716
1.63 -0.109494749846626 0.255591793184049
1.64 -0.098783499847561 0.22888325272561
1.65 -0.0883796671030303 0.203361686181818
1.66 -0.0783419506807229 0.179101017108434
1.67 -0.0687256850538922 0.156170462491018
1.68 -0.0595826537797619 0.134634205071429
1.69 -0.0509609157934911 0.114551085390533
1.7 -0.0429046460676471 0.0959743231588235
1.71 -0.0354539939128655 0.0789512424795322
1.72 -0.0286449600197674 0.0635232866162791
1.73 -0.0225097737150289 0.0497275869445087
1.74 -0.0170763677632184 0.0375934114988506
1.75 -0.0123678778754286 0.0271420836205714
1.76 -0.00840263689488636 0.0183878963857955
1.77 -0.00519424032265537 0.0113380647615819
1.78 -0.00275263170657303 0.0059950403258427
1.79 -0.0010731928947486 0.00233282013675978
1.8 -0.00019271334555 0.000418142615211111
1.81 2.07476236729282e-05 -4.49884305038674e-05
1.82 -4.76733315505494e-06 1.03408257796703e-05
1.83 5.29437925420765e-07 -1.1499170947541e-06
1.84 3.18369756592391e-11 -5.86373487391304e-11
1.85 2.85426233340541e-11 -5.25698099064865e-11
1.86 0 0
1.87 0 0
1.88 0 0
1.89 0 0
1.9 0 0
1.91 0 0
1.92 0 0
1.93 0 0
1.94 0 0
1.95 0 0
1.96 0 0
1.97 0 0
1.98 0 0
1.99 0 0
2 0 0
2.01 0 0
2.02 0 0
2.03 0 0
2.04 0 0
2.05 0 0
2.06 0 0
2.07 0 0
2.08 0 0
2.09 0 0
2.1 0 0
2.11 0 0
2.12 0 0
2.13 0 0
2.14 0 0
2.15 0 0
2.16 0 0
2.17 0 0
2.18 0 0
2.19 0 0
2.2 0 0
2.21 0 0
2.22 0 0
2.23 0 0
2.24 0 0
2.25 0 0
2.26 0 0
2.27 0 0
2.28 0 0
2.29 0 0
2.3 0 0
2.31 0 0
2.32 0 0
2.33 0 0
2.34 0 0
2.35 0 0
2.36 0 0
2.37 0 0
2.38 0 0
2.39 0 0
2.4 0 0
2.41 0 0
2.42 0 0
2.43 0 0
2.44 0 0
2.45 0 0
2.46 0 0
2.47 0 0
2.48 0 0
2.49 0 0
2.5 0 0
2.51 0 0
2.52 0 0
2.53 0 0
2.54 0 0
2.55 0 0
2.56 0 0
2.57 0 0
2.58 0 0
2.59 0 0
2.6 0 0
2.61 0 0
2.62 0 0
2.63 0 0
2.64 0 0
2.65 0 0
2.66 0 0
2.67 0 0
2.68 0 0
2.69 0 0
2.7 0 0
2.71 0 0
2.72 0 0
2.73 0 0
2.74 0 0
2.75 0 0
2.76 0 0
2.77 0 0
2.78 0 0
2.79 0 0
2.8 0 0
2.81 0 0
2.82 0 0
2.83 0 0
2.84 0 0
2.85 0 0
2.86 0 0
2.87 0 0
2.88 0 0
2.89 0 0
2.9 0 0
2.91 0 0
2.92 0 0
2.93 0 0
2.94 0 0
2.95 0 0
2.96 0 0
2.97 0 0
2.98 0 0
2.99 0 0
3 0 0
3.01 0 0
3.02 0 0
3.03 0 0
3.04 0 0
3.05 0 0
3.06 0 0
3.07 0 0
3.08 0 0
3.09 0 0
3.1 0 0
3.11 0 0
3.12 0 0
3.13 0 0
3.14 0 0
3.15 0 0
3.16 0 0
3.17 0 0
3.18 0 0
3.19 0 0
3.2 0 0
3.21 0 0
3.22 0 0
3.23 0 0
3.24 0 0
3.25 0 0
3.26 0 0
3.27 0 0
3.28 0 0
3.29 0 0
3.3 0 0
3.31 0 0
3.32 0 0
3.33 0 0
3.34 0 0
3.35 0 0
3.36 0 0
3.37 0 0
3.38 0 0
3.39 0 0
3.4 0 0
3.41 0 0
3.42 0 0
3.43 0 0
3.44 0 0
3.45 0 0
3.46 0 0
3.47 0 0
3.48 0 0
3.49 0 0
3.5 0 0
3.51 0 0
3.52 0 0
3.53 0 0
3.54 0 0
3.55 0 0
3.56 0 0
3.57 0 0
3.58 0 0
3.59 0 0
3.6 0 0
3.61 0 0
3.62 0 0
3.63 0 0
3.64 0 0
3.65 0 0
3.66 0 0
3.67 0 0
3.68 0 0
3.69 0 0
3.7 0 0
3.71 0 0
3.72 0 0
3.73 0 0
3.74 0 0
3.75 0 0
3.76 0 0
3.77 0 0
3.78 0 0
3.79 0 0
3.8 0 0
3.81 0 0
3.82 0 0
3.83 0 0
3.84 0 0
3.85 0 0
3.86 0 0
3.87 0 0
3.88 0 0
3.89 0 0
3.9 0 0
3.91 0 0
3.92 0 0
3.93 0 0
3.94 0 0
3.95 0 0
3.96 0 0
3.97 0 0
3.98 0 0
3.99 0 0
4 0 0
4.01 0 0
4.02 0 0
4.03 0 0
4.04 0 0
4.05 0 0
4.06 0 0
4.07 0 0
4.08 0 0
4.09 0 0
4.1 0 0
4.11 0 0
4.12 0 0
4.13 0 0
4.14 0 0
4.15 0 0
4.16 0 0
4.17 0 0
4.18 0 0
4.19 0 0
4.2 0 0
4.21 0 0
4.22 0 0
4.23 0 0
4.24 0 0
4.25 0 0
4.26 0 0
4.27 0 0
4.28 0 0
4.29 0 0
4.3 0 0
4.31 0 0
4.32 0 0
4.33 0 0
4.34 0 0
4.35 0 0
4.36 0 0
4.37 0 0
4.38 0 0
4.39 0 0
4.4 0 0
4.41 0 0
4.42 0 0
4.43 0 0
4.44 0 0
4.45 0 0
4.46 0 0
4.47 0 0
4.48 0 0
4.49 0 0
4.5 0 0
4.51 0 0
4.52 0 0
4.53 0 0
4.54 0 0
4.55 0 0
4.56 0 0
4.57 0 0
4.58 0 0
4.59 0 0
4.6 0 0
4.61 0 0
4.62 0 0
4.63 0 0
4.64 0 0
4.65 0 0
4.66 0 0
4.67 0 0
4.68 0 0
4.69 0 0
4.7 0 0
4.71 0 0
4.72 0 0
4.73 0 0
4.74 0 0
4.75 0 0
4.76 0 0
4.77 0 0
4.78 0 0
4.79 0 0
4.8 0 0
4.81 0 0
4.82 0 0
4.83 0 0
4.84 0 0
4.85 0 0
4.86 0 0
4.87 0 0
4.88 0 0
4.89 0 0
4.9 0 0
4.91 0 0
4.92 0 0
4.93 0 0
4.94 0 0
4.95 0 0
4.96 0 0
4.97 0 0
4.98 0 0
4.99 0 0
5 0 0
5.01 0 0
5.02 0 0
5.03 0 0
5.04 0 0
5.05 0 0
5.06 0 0
5.07 0 0
5.08 0 0
5.09 0 0
5.1 0 0
5.11 0 0
5.12 0 0
5.13 0 0
5.14 0 0
5.15 0 0
5.16 0 0
5.17 0 0
5.18 0 0
5.19 0 0
5.2 0 0
5.21 0 0
5.22 0 0
5.23 0 0
5.24 0 0
5.25 0 0
5.26 0 0
5.27 0 0
5.28 0 0
5.29 0 0
5.3 0 0
5.31 0 0
5.32 0 0
5.33 0 0
5.34 0 0
5.35 0 0
5.36 0 0
5.37 0 0
5.38 0 0
5.39 0 0
5.4 0 0
5.41 0 0
5.42 0 0
5.43 0 0
5.44 0 0
5.45 0 0
5.46 0 0
5.47 0 0
5.48 0 0
5.49 0 0
5.5 0 0
5.51 0 0
5.52 0 0
5.53 0 0
5.54 0 0
5.55 0 0
5.56 0 0
5.57 0 0
5.58 0 0
5.59 0 0
5.6 0 0
5.61 0 0
5.62 0 0
5.63 0 0
5.64 0 0
5.65 0 0
5.66 0 0
5.67 0 0
5.68 0 0
5.69 0 0
5.7 0 0
5.71 0 0
5.72 0 0
5.73 0 0
5.74 0 0
5.75 0 0
5.76 0 0
5.77 0 0
5.78 0 0
5.79 0 0
5.8 0 0
5.81 0 0
5.82 0 0
5.83 0 0
5.84 0 0
5.85 0 0
5.86 0 0
5.87 0 0
5.88 0 0
5.89 0 0
5.9 0 0
5.91 0 0
5.92 0 0
5.93 0 0
5.94 0 0
5.95 0 0
5.96 0 0
5.97 0 0
5.98 0 0
5.99 0 0
6 0 0
6.01 0 0
6.02 0 0
6.03 0 0
6.04 0 0
6.05 0 0
6.06 0 0
6.07 0 0
6.08 0 0
6.09 0 0
6.1 0 0
6.11 0 0
6.12 0 0
6.13 0 0
6.14 0 0
6.15 0 0
6.16 0 0
6.17 0 0
6.18 0 0
6.19 0 0
6.2 0 0
6.21 0 0
6.22 0 0
6.23 0 0
6.24 0 0
6.25 0 0
6.26 0 0
6.27 0 0
6.28 0 0
6.29 0 0
6.3 0 0
6.31 0 0
6.32 0 0
6.33 0 0
6.34 0 0
6.35 0 0
6.36 0 0
6.37 0 0
6.38 0 0
6.39 0 0
6.4 0 0
6.41 0 0
6.42 0 0
6.43 0 0
6.44 0 0
6.45 0 0
6.46 0 0
6.47 0 0
6.48 0 0
6.49 0 0
6.5 0 0
6.51 0 0
6.52 0 0
6.53 0 0
6.54 0 0
6.55 0 0
6.56 0 0
6.57 0 0
6.58 0 0
6.59 0 0
6.6 0 0
6.61 0 0
6.62 0 0
6.63 0 0
6.64 0 0
6.65 0 0
6.66 0 0
6.67 0 0
6.68 0 0
6.69 0 0
6.7 0 0
6.71 0 0
6.72 0 0
6.73 0 0
6.74 0 0
6.75 0 0
6.76 0 0
6.77 0 0
6.78 0 0
6.79 0 0
6.8 0 0
6.81 0 0
6.82 0 0
6.83 0 0
6.84 0 0
6.85 0 0
6.86 0 0
6.87 0 0
6.88 0 0
6.89 0 0
6.9 0 0
6.91 0 0
6.92 0 0
6.93 0 0
6.94 0 0
6.95 0 0
6.96 0 0
6.97 0 0
6.98 0 0
6.99 0 0
7 0 0
7.01 0 0
7.02 0 0
7.03 0 0
7.04 0 0
7.05 0 0
7.06 0 0
7.07 0 0
7.08 0 0
7.09 0 0
7.1 0 0
7.11 0 0
7.12 0 0
7.13 0 0
7.14 0 0
7.15 0 0
7.16 0 0
7.17 0 0
7.18 0 0
7.19 0 0
7.2 0 0
7.21 0 0
7.22 0 0
7.23 0 0
7.24 0 0
7.25 0 0
7.26 0 0
7.27 0 0
7.28 0 0
7.29 0 0
7.3 0 0
7.31 0 0
7.32 0 0
7.33 0 0
7.34 0 0
7.35 0 0
7.36 0 0
7.37 0 0
7.38 0 0
7.39 0 0
7.4 0 0
7.41 0 0
7.42 0 0
7.43 0 0
7.44 0 0
7.45 0 0
7.46 0 0
7.47 0 0
7.48 0 0
7.49 0 0
7.5 0 0
7.51 0 0
7.52 0 0
7.53 0 0
7.54 0 0
7.55 0 0
7.56 0 0
7.57 0 0
7.58 0 0
7.59 0 0
7.6 0 0
7.61 0 0
7.62 0 0
7.63 0 0
7.64 0 0
7.65 0 0
7.66 0 0
7.67 0 0
7.68 0 0
7.69 0 0
7.7 0 0
7.71 0 0
7.72 0 0
7.73 0 0
7.74 0 0
7.75 0 0
7.76 0 0
7.77 0 0
7.78 0 0
7.79 0 0
7.8 0 0
7.81 0 0
7.82 0 0
7.83 0 0
7.84 0 0
7.85 0 0
7.86 0 0
7.87 0 0
7.88 0 0
7.89 0 0
7.9 0 0
7.91 0 0
7.92 0 0
7.93 0 0
7.94 0 0
7.95 0 0
7.96 0 0
7.97 0 0
7.98 0 0
7.99 0 0
8 0 0
8.01 0 0
8.02 0 0
8.03 0 0
8.04 0 0
8.05 0 0
8.06 0 0
8.07 0 0
8.08 0 0
8.09 0 0
8.1 0 0
8.11 0 0
8.12 0 0
8.13 0 0
8.14 0 0
8.15 0 0
8.16 0 0
8.17 0 0
8.18 0 0
8.19 0 0
8.2 0 0
8.21 0 0
8.22 0 0
8.23 0 0
8.24 0 0
8.25 0 0
8.26 0 0
8.27 0 0
8.28 0 0
8.29 0 0
8.3 0 0
8.31 0 0
8.32 0 0
8.33 0 0
8.34 0 0
8.35 0 0
8.36 0 0
8.37 0 0
8.38 0 0
8.39 0 0
8.4 0 0
8.41 0 0
8.42 0 0
8.43 0 0
8.44 0 0
8.45 0 0
8.46 0 0
8.47 0 0
8.48 0 0
8.49 0 0
8.5 0 0
8.51 0 0
8.52 0 0
8.53 0 0
8.54 0 0
8.55 0 0
8.56 0 0
8.57 0 0
8.58 0 0
8.59 0 0
8.6 0 0
8.61 0 0
8.62 0 0
8.63 0 0
8.64 0 0
8.65 0 0
8.66 0 0
8.67 0 0
8.68 0 0
8.69 0 0
8.7 0 0
8.71 0 0
8.72 0 0
8.73 0 0
8.74 0 0
8.75 0 0
8.76 0 0
8.77 0 0
8.78 0 0
8.79 0 0
8.8 0 0
8.81 0 0
8.82 0 0
8.83 0 0
8.84 0 0
8.85 0 0
8.86 0 0
8.87 0 0
8.88 0 0
8.89 0 0
8.9 0 0
8.91 0 0
8.92 0 0
8.93 0 0
8.94 0 0
8.95 0 0
8.96 0 0
8.97 0 0
8.98 0 0
8.99 0 0
9 0 0
9.01 0 0
9.02 0 0
9.03 0 0
9.04 0 0
9.05 0 0
9.06 0 0
9.07 0 0
9.08 0 0
9.09 0 0
9.1 0 0
9.11 0 0
9.12 0 0
9.13 0 0
9.14 0 0
9.15 0 0
9.16 0 0
9.17 0 0
9.18 0 0
9.19 0 0
9.2 0 0
9.21 0 0
9.22 0 0
9.23 0 0
9.24 0 0
9.25 0 0
9.26 0 0
9.27 0 0
9.28 0 0
9.29 0 0
9.3 0 0
9.31 0 0
9.32 0 0
9.33 0 0
9.34 0 0
9.35 0 0
9.36 0 0
9.37 0 0
9.38 0 0
9.39 0 0
9.4 0 0
9.41 0 0
9.42 0 0
9.43 0 0
9.44 0 0
9.45 0 0
9.46 0 0
9.47 0 0
9.48 0 0
9.49 0 0
9.5 0 0
9.51 0 0
9.52 0 0
9.53 0 0
9.54 0 0
9.55 0 0
9.56 0 0
9.57 0 0
9.58 0 0
9.59 0 0
9.6 0 0
9.61 0 0
9.62 0 0
9.63 0 0
9.64 0 0
9.65 0 0
9.66 0 0
9.67 0 0
9.68 0 0
9.69 0 0
9.7 0 0
9.71 0 0
9.72 0 0
9.73 0 0
9.74 0 0
9.75 0 0
9.76 0 0
9.77 0 0
9.78 0 0
9.79 0 0
9.8 0 0
9.81 0 0
9.82 0 0
9.83 0 0
9.84 0 0
9.85 0 0
9.86 0 0
9.87 0 0
9.88 0 0
9.89 0 0
9.9 0 0
9.91 0 0
9.92 0 0
9.93 0 0
9.94 0 0
9.95 0 0
9.96 0 0
9.97 0 0
9.98 0 0
9.99 0 0
10 0 0
10.01 0 0
10.02 0 0
10.03 0 0
10.04 0 0
10.05 0 0
10.06 0 0
10.07 0 0
10.08 0 0
10.09 0 0
10.1 0 0
10.11 0 0
10.12 0 0
10.13 0 0
10.14 0 0
10.15 0 0
10.16 0 0
10.17 0 0
10.18 0 0
10.19 0 0
10.2 0 0
10.21 0 0
10.22 0 0
10.23 0 0
10.24 0 0
10.25 0 0
10.26 0 0
10.27 0 0
10.28 0 0
10.29 0 0
10.3 0 0
10.31 0 0
10.32 0 0
10.33 0 0
10.34 0 0
10.35 0 0
10.36 0 0
10.37 0 0
10.38 0 0
10.39 0 0
10.4 0 0
10.41 0 0
10.42 0 0
10.43 0 0
10.44 0 0
10.45 0 0
10.46 0 0
10.47 0 0
10.48 0 0
10.49 0 0
10.5 0 0
10.51 0 0
10.52 0 0
10.53 0 0
10.54 0 0
10.55 0 0
10.56 0 0
10.57 0 0
10.58 0 0
10.59 0 0
10.6 0 0
10.61 0 0
10.62 0 0
10.63 0 0
10.64 0 0
10.65 0 0
10.66 0 0
10.67 0 0
10.68 0 0
10.69 0 0
10.7 0 0
10.71 0 0
10.72 0 0
10.73 0 0
10.74 0 0
10.75 0 0
10.76 0 0
10.77 0 0
10.78 0 0
10.79 0 0
10.8 0 0
10.81 0 0
10.82 0 0
10.83 0 0
10.84 0 0
10.85 0 0
10.86 0 0
10.87 0 0
10.88 0 0
10.89 0 0
10.9 0 0
10.91 0 0
10.92 0 0
10.93 0 0
10.94 0 0
10.95 0 0
10.96 0 0
10.97 0 0
10.98 0 0
10.99 0 0
11 0 0
11.01 0 0
11.02 0 0
11.03 0 0
11.04 0 0
11.05 0 0
11.06 0 0
11.07 0 0
11.08 0 0
11.09 0 0
11.1 0 0
11.11 0 0
11.12 0 0
11.13 0 0
11.14 0 0
11.15 0 0
11.16 0 0
11.17 0 0
11.18 0 0
11.19 0 0
11.2 0 0
11.21 0 0
11.22 0 0
11.23 0 0
11.24 0 0
11.25 0 0
11.26 0 0
11.27 0 0
11.28 0 0
11.29 0 0
11.3 0 0
11.31 0 0
11.32 0 0
11.33 0 0
11.34 0 0
11.35 0 0
11.36 0 0
11.37 0 0
11.38 0 0
11.39 0 0
11.4 0 0
11.41 0 0
11.42 0 0
11.43 0 0
11.44 0 0
11.45 0 0
11.46 0 0
11.47 0 0
11.48 0 0
11.49 0 0
11.5 0 0
11.51 0 0
11.52 0 0
11.53 0 0
11.54 0 0
11.55 0 0
11.56 0 0
11.57 0 0
11.58 0 0
11.59 0 0
11.6 0 0
11.61 0 0
11.62 0 0
11.63 0 0
11.64 0 0
11.65 0 0
11.66 0 0
11.67 0 0
11.68 0 0
11.69 0 0
11.7 0 0
11.71 0 0
11.72 0 0
11.73 0 0
11.74 0 0
11.75 0 0
11.76 0 0
11.77 0 0
11.78 0 0
11.79 0 0
11.8 0 0
11.81 0 0
11.82 0 0
11.83 0 0
11.84 0 0
11.85 0 0
11.86 0 0
11.87 0 0
11.88 0 0
11.89 0 0
11.9 0 0
11.91 0 0
11.92 0 0
11.93 0 0
11.94 0 0
11.95 0 0
11.96 0 0
11.97 0 0
11.98 0 0
11.99 0 0
12 0 0
12.01 0 0
12.02 0 0
12.03 0 0
12.04 0 0
12.05 0 0
12.06 0 0
12.07 0 0
12.08 0 0
12.09 0 0
12.1 0 0
12.11 0 0
12.12 0 0
12.13 0 0
12.14 0 0
12.15 0 0
12.16 0 0
12.17 0 0
12.18 0 0
12.19 0 0
12.2 0 0
12.21 0 0
12.22 0 0
12.23 0 0
12.24 0 0
12.25 0 0
12.26 0 0
12.27 0 0
12.28 0 0
12.29 0 0
12.3 0 0
12.31 0 0
12.32 0 0
12.33 0 0
12.34 0 0
12.35 0 0
12.36 0 0
12.37 0 0
12.38 0 0
12.39 0 0
12.4 0 0
12.41 0 0
12.42 0 0
12.43 0 0
12.44 0 0
12.45 0 0
12.46 0 0
12.47 0 0
12.48 0 0
12.49 0 0
12.5 0 0
12.51 0 0
12.52 0 0
12.53 0 0
12.54 0 0
12.55 0 0
12.56 0 0
12.57 0 0
12.58 0 0
12.59 0 0
12.6 0 0
12.61 0 0
12.62 0 0
12.63 0 0
12.64 0 0
12.65 0 0
12.66 0 0
12.67 0 0
12.68 0 0
12.69 0 0
12.7 0 0
12.71 0 0
12.72 0 0
12.73 0 0
12.74 0 0
12.75 0 0
12.76 0 0
12.77 0 0
12.78 0 0
12.79 0 0
12.8 0 0
12.81 0 0
12.82 0 0
12.83 0 0
12.84 0 0
12.85 0 0
12.86 0 0
12.87 0 0
12.88 0 0
12.89 0 0
12.9 0 0
12.91 0 0
12.92 0 0
12.93 0 0
12.94 0 0
12.95 0 0
12.96 0 0
12.97 0 0
12.98 0 0
12.99 0 0
13 0 0
13.01 0 0
13.02 0 0
13.03 0 0
13.04 0 0
13.05 0 0
13.06 0 0
13.07 0 0
13.08 0 0
13.09 0 0
13.1 0 0
13.11 0 0
13.12 0 0
13.13 0 0
13.14 0 0
13.15 0 0
13.16 0 0
13.17 0 0
13.18 0 0
13.19 0 0
13.2 0 0
13.21 0 0
13.22 0 0
13.23 0 0
13.24 0 0
13.25 0 0
13.26 0 0
13.27 0 0
13.28 0 0
13.29 0 0
13.3 0 0
13.31 0 0
13.32 0 0
13.33 0 0
13.34 0 0
13.35 0 0
13.36 0 0
13.37 0 0
13.38 0 0
13.39 0 0
13.4 0 0
13.41 0 0
13.42 0 0
13.43 0 0
13.44 0 0
13.45 0 0
13.46 0 0
13.47 0 0
13.48 0 0
13.49 0 0
