6.8307126178945854e-07 -3.9661600892415549e-07 -0.0074779573729671697
-2.0832244762175459e-05 1.1864884513541289e-05 0.0032775833671170682
-1.8390938629833436e-05 1.0651919959384255e-05 0.010994807253114263
-2.0757940587810158e-05 1.2033730630193768e-05 0.0032775733650172879
-1.8295836800436222e-05 1.0611170706233651e-05 0.010994823807655854
6.8139787219329701e-07 -3.9111957950144216e-07 -0.0074779570410119286
-2.0638342602110487e-05 1.184117336009002e-05 0.0032775499173896428
-1.8193282608660656e-05 1.0680909630778578e-05 0.010994798597632085
6.8439386913254907e-07 -3.9547811359064156e-07 -0.0074779607517928334
-2.0743763833901282e-05 1.2006915227283452e-05 0.0032776020273037627
-1.8425422764557493e-05 1.0676280087174202e-05 0.010994914104955055
6.8796636870649408e-07 -3.9114989558441948e-07 -0.0074779310816004193
2.7397112423898338e-05 -1.5863612372365998e-05 -0.0042369404495563329
3.9415834939167393e-06 -2.3073536457637184e-06 -0.007092320684101901
9.1758169207140105e-06 -5.2875446085428116e-06 0.004532486758048784
9.1335789054557267e-06 -5.2341500705200411e-06 0.0045324500710263293
2.7371860082173877e-05 -1.5999224574674009e-05 -0.0042368675158537001
4.0195063685304362e-06 -2.2846270097653639e-06 -0.0070923172064989177
2.7427436753303669e-05 -1.5791699334369302e-05 -0.0042368476798106697
4.0093940755994824e-06 -2.2723472912461028e-06 -0.0070923147541812077
9.0902128321472607e-06 -5.2056017750979483e-06 0.0045325501207957152
2.7617945604915242e-05 -1.606131370837649e-05 -0.0042369305844742484
3.9229215479527559e-06 -2.3038905102995555e-06 -0.0070923221973462087
9.1499843653722172e-06 -5.212091948184408e-06 0.004532459226042963
