-1.7047697619740615e-05 2.4506610895286274e-05 9.2550210650306497e-05
2.0441256516360402e-05 7.7184903019444267e-06 7.1060587102732276e-05
6.2377752436770919e-05 -1.2240118846400038e-05 9.5559119274891014e-05
-3.7315868566550294e-06 1.9745200986337343e-05 5.356629941251935e-05
2.5134800031745286e-05 1.0530560240082972e-05 2.4819192724234718e-05
3.7574540605876325e-05 2.6523757846062465e-05 3.0253194323923323e-05
-1.3350977809897802e-06 -2.8461397297864445e-05 5.311786896647526e-05
-4.9218797240836026e-05 -3.3621112097037553e-05 4.5985091865149291e-05
1.3567563416247387e-06 1.2009562638278632e-06 5.9291405091040084e-05
-2.6160645261531649e-05 8.4245193599924439e-06 5.7364099631774742e-05
1.4853544045592187e-05 -4.5546152554255565e-06 4.0965158081933101e-05
-3.1388691835462432e-05 4.7797946013342779e-06 3.9284176056125081e-05
-4.0018520022851863e-05 -2.6966890076833214e-07 1.8139554931221984e-05
1.73915158414111e-05 -3.1876306136097285e-05 7.4512515742543081e-05
-1.8009984136312736e-06 9.8654302323288902e-06 3.1154589815656636e-05
4.0331925887169308e-06 -1.7162899061321304e-05 6.1852719925507491e-05
-2.7953092312189409e-05 -9.1100976874851076e-06 3.8864775338403844e-05
7.9669202451496525e-06 -8.1714267663873796e-06 2.3858898129785584e-05
4.8229401530819338e-07 -8.033784202653182e-06 3.4137515086431897e-05
-6.7585186121923941e-06 -2.4285337654497002e-05 3.6260834173636614e-05
1.4379263712799999e-05 8.4812318940791553e-06 5.4788316435239182e-05
-6.7220096930942219e-06 1.8101461928765605e-05 4.4726577985554523e-05
7.5207833606927288e-06 -3.6424836699078256e-06 -1.6857409331771933e-06
-8.8883933012373628e-07 6.076883142080991e-06 6.0945551667109313e-05
1.7665578717032887e-05 -9.9417829993741786e-06 1.818198515736902e-05
-1.3996262651267549e-05 3.8720096356345546e-06 2.4187366516850077e-05
1.0992852029104421e-05 -7.993208321995589e-06 4.506634269939476e-05
2.5162211423637726e-05 -1.0783162543714919e-05 2.0507550332286156e-05
1.204513211694111e-05 -9.7204585912911978e-07 5.2549291215770941e-05
1.2613847883728366e-05 6.6977556784364456e-06 2.7140242420390986e-05
6.3813803980513478e-07 1.432186977956551e-05 4.5311345215488276e-05
6.5109004450427104e-06 -1.6768498036136406e-05 1.5104660473907468e-05
5.6490218283376803e-06 -4.5867436300750519e-06 4.4978911290629751e-05
4.7349899412305406e-06 6.2459571530081026e-06 1.2844938613502925e-05
-1.6234844172390364e-05 1.2404558456266188e-05 1.1401257903217304e-05
-3.4274451857697774e-05 1.5333082393861885e-05 1.3490876565022995e-05
1.5778738405011761e-05 1.6364179834870568e-05 -6.2875190886026167e-06
1.3675945459429815e-05 1.6546915134439677e-06 2.0087115056367068e-05
5.9633871440458765e-06 -1.9521047398552739e-05 1.4502198645097895e-05
7.9784177762988906e-06 1.2276343875211593e-06 3.6106941012834654e-05
4.3012118999241677e-06 -1.7726015582329724e-05 2.3813614204649567e-05
1.7960255228698684e-05 4.7712247607150163e-06 1.19768874929944e-05
9.148549323220647e-06 -2.2422581670514946e-06 3.6475397414421906e-05
8.4071065092845626e-06 -1.6300446409504865e-05 2.7195853993540638e-05
-5.960110635691053e-05 4.0427379630688428e-05 -4.1062499212547163e-05
2.0074815952680122e-05 -6.7995511393026398e-06 4.9441001125360984e-06
-1.6666949618256133e-05 -2.9959604650687459e-07 1.6844029712664854e-05
9.6200866865750505e-07 -9.5319940356899838e-06 2.1233593374636595e-05
4.1190394828885627e-06 -6.3603969355568654e-06 2.340217506314782e-05
-1.5760617718733232e-05 1.4229533294883665e-05 2.60931245728898e-05
6.2449360095961788e-06 -8.5666631965963802e-07 6.6590116909934476e-06
6.7066588835075376e-06 -2.2256648654010291e-06 2.1792039196647248e-05
1.5553959487626905e-05 -6.2626423547507389e-06 -1.9683607357081885e-05
-1.8576328276260091e-05 7.8915718975027666e-06 6.1225225725458979e-06
9.4121240423739039e-07 -2.0085388449109232e-06 -4.5213379177988923e-07
8.5454696269480004e-06 -2.2100164687909735e-05 7.7478949939615432e-06
-7.1307146629479012e-06 -2.4355724051527278e-05 2.8625321316956553e-06
1.9130014764265346e-05 -1.1034733126063807e-05 2.7518790987855757e-06
9.8666487245484808e-06 2.0561031449650713e-06 -6.1091278347650703e-06
-2.7330006449805856e-07 -7.9036727798919865e-06 -2.087554975785074e-05
-2.0704248969993788e-06 -1.1794178123289423e-05 2.7287812539820988e-06
2.3363937181621133e-05 3.8853164655643329e-06 -1.0064938664799182e-05
-2.6481533329517776e-05 9.2430428549755694e-06 -6.2420877977340666e-05
-5.1469747245737134e-05 7.2297864529974332e-06 -5.251266924501119e-06
2.3052328694816993e-06 2.105504890981269e-05 -1.4536505387408027e-05
-1.8297343742047431e-06 -7.8159344917005935e-07 -1.887814176528696e-05
9.4602812395790539e-06 -9.5430969688781175e-06 -4.6412802920742929e-05
-1.7585543011173869e-05 -2.1168299655920098e-05 -7.5056422837717118e-05
-1.6197896174977022e-06 -7.4520335534532245e-06 -5.8157490297918238e-05
4.5730279385418999e-06 1.4665205039904078e-05 -4.8003258298710133e-05
2.6409737152281731e-05 5.3830073376715665e-06 -3.0458550725656619e-05
5.516553568183778e-05 1.0024350182099434e-05 2.4125918189410484e-05
-4.3602982557351677e-05 1.30695541040865e-05 -2.1241770076594482e-06
1.9891134041118042e-06 1.3473850476735204e-06 -2.7546222361785055e-05
1.0267336955097073e-05 2.5318829417390974e-05 7.45747693322793e-06
-1.9683152669068164e-05 2.4175092573942318e-05 -3.6093091728502027e-05
1.4756828525620943e-05 -7.2076146414197517e-06 -2.8338016032314689e-05
-8.4319082119255206e-07 -1.951101976869693e-06 -4.8892536497742972e-05
-9.5377803928653471e-06 -7.3038383165066612e-06 -4.6613902398288725e-05
-1.8124321490970135e-06 9.0953203590834249e-06 -1.6133236275296301e-05
2.6246823112377037e-05 7.5819268263947054e-06 -1.1536427079950743e-05
-8.125590114288619e-05 6.0323621409734309e-05 -4.5857880561737436e-05
-2.0315802520733811e-07 -7.1879581931034997e-06 3.8102671409354053e-05
-1.4783562274994777e-05 3.0752054260396733e-05 3.8775558142688352e-05
-3.4196960584119404e-06 5.0918872007203664e-06 7.4852097622285507e-05
-1.5760925974341337e-05 2.9139475541811732e-06 3.9387382478280053e-05
-2.2772705076390398e-06 -6.9755644257485372e-06 3.8072699605540272e-05
-9.0433837431139197e-06 -2.5579668137050426e-05 6.5555175354711781e-06
-2.7895041507580362e-05 6.0968796544783044e-06 1.7368714750713721e-05
1.8673283709580435e-07 4.2208150383125399e-06 4.8022089239608753e-05
2.8307167850485232e-06 3.6702461505733371e-06 5.1246507771685325e-05
-2.0367845294170898e-05 1.6812955798876407e-05 3.5294563498625316e-05
9.6342895254206834e-06 -9.725705307127297e-06 4.5716659654875544e-05
7.3654600654823754e-06 -4.5655179130577039e-06 3.0981383091691121e-05
-2.4440851526902731e-05 2.3015206598052396e-05 4.8998113031079038e-05
-5.3534694128183228e-06 5.3841285883850178e-06 5.8243903126331022e-05
-5.5827034752681248e-07 1.1758045900311064e-05 4.9831171290575654e-05
-1.7675319186429006e-05 1.0882785883733613e-05 3.9560247520785803e-05
1.3395063862695761e-05 -6.577348638410474e-06 3.2960238166258955e-05
5.9788048431437535e-06 -1.4628817148268358e-06 3.9102038218506328e-05
-7.4507485255689252e-06 1.4562002622378091e-05 4.0400635397565793e-05
-1.9230454597406882e-05 -1.3145228418935673e-06 5.0311703891029597e-05
-1.013087075418459e-05 1.4907206626033759e-05 4.6395265915669115e-05
-2.6824945223863101e-05 8.6773365629711895e-06 2.528361499251142e-05
1.0389663570281525e-05 -1.4024525917698957e-05 1.3626473094179237e-05
1.004414717319449e-05 -8.0725020890140553e-06 -1.6292701717178504e-06
-2.2692838347347644e-05 6.4955448459622089e-06 1.770924959659942e-05
-2.945736546786093e-06 -1.9966704652707445e-06 2.3081805530044894e-05
-1.1234943734913724e-05 1.7187186931104381e-05 2.5431068670666614e-05
-2.7036359344407776e-05 2.0501856023856209e-05 2.1104604564708279e-05
8.4185464179244163e-06 -4.5730887544403326e-06 -1.9594861849103751e-05
1.1628159328036514e-05 1.2350175350409054e-05 -2.7866128329223638e-05
-1.9447689669882529e-05 1.1647442654555418e-05 -3.5267136224481632e-05
1.5164414753833511e-05 -8.7531958505304708e-06 -1.0673258646254395e-06
-2.1687951932386484e-05 1.6824372859216945e-05 -3.1952475967083477e-05
-4.6597750220698364e-05 3.9245571608473236e-06 -1.7361289323574239e-05
3.2728987704452395e-06 -1.4315825775961433e-05 -4.1057878728822939e-05
-4.4441748921612663e-06 -7.8878613103523953e-06 -9.7915673203640213e-06
-2.3364440417425567e-06 -8.245432916195459e-06 -8.9129357701001055e-06
2.7911260310556352e-06 -2.4605651916160404e-05 -7.5190879598424631e-05
-1.0099587797324228e-07 -6.5605396531061289e-06 -4.3498927722734892e-05
-1.1886797539628971e-05 -1.536377250654225e-06 -4.662954570221374e-05
3.2319409372427721e-05 -6.1868256041562597e-06 -5.2666524016882228e-05
3.2226685285040302e-06 9.6582906209084773e-06 -5.0289359807020352e-05
-1.0251727507279442e-05 -3.259604541173493e-06 -3.8515313222631242e-05
1.2729695411439899e-05 -1.1974950388948127e-05 -4.822697135176135e-05
6.8543902694581204e-06 -1.1852313557573373e-05 -4.4419754879520474e-05
2.4686946688947178e-06 -3.2963736378704978e-06 -3.6023499356607758e-05
1.1514949228921389e-05 -2.9334783497162982e-05 -4.8447089458356703e-05
1.6678523982413616e-05 5.0960686563071003e-06 -5.6013950497218958e-05
1.1594459320434089e-05 -3.407121518890846e-06 -6.0164176135507792e-05
1.7348200463456961e-06 1.8892595745530986e-05 -5.3326857518487449e-05
-2.2714220620436917e-05 -2.5559163152001543e-06 -7.6026505575587343e-05
7.6771577603761479e-06 -1.4540382379371608e-05 -8.8193994710473143e-05
-1.4385239779076882e-05 -1.2285836797350628e-05 -6.8641585611369031e-05
2.2678320148414657e-05 -1.7008499085442459e-05 -7.2238159030993745e-05
-4.9663722459514226e-07 4.0142006109550321e-06 -8.986155147287225e-05
1.7837103321620721e-05 1.0121952446194918e-05 -9.4226597652508418e-05
1.8143722696678088e-05 6.6907327852345697e-07 -0.00010490204102899013
-1.7338697905697632e-05 7.8125727112909882e-06 -9.6670304147357562e-05
-1.4658933658151518e-05 3.193745942348114e-06 -9.7171638285955403e-05
1.4847185493032516e-05 1.0129124488875152e-05 -0.00010094923158137509
-9.6881569347714858e-06 7.5610751035619372e-06 -0.00016001292925155869
2.08816177070822e-05 -1.0699948476718471e-05 -0.00014661426018983386
2.6767420625251667e-05 1.4703529540911362e-05 2.1924185304111887e-05
-2.3979051008218843e-05 -1.6165186150010613e-05 -1.5876763488964496e-05
-1.1817857551679745e-05 1.5693756113117213e-05 2.6005449968224958e-05
4.6997597240722166e-06 3.3196578306908531e-06 6.2056486860029292e-06
4.7240069834999371e-06 -1.2779382098579428e-06 1.2834236540133461e-05
-2.1124786646476226e-05 2.9690754155623118e-05 -2.9822203662729246e-05
6.9299014573420692e-06 2.3530171239165981e-05 1.4719390289217454e-05
3.5349498229296597e-06 -1.1293438753002356e-05 6.5428101933780967e-05
2.4046822687653902e-05 6.6963059654479018e-06 1.068966143949468e-05
-3.025421919411464e-05 1.4710238227758077e-05 -6.5253559049377463e-06
1.3441180618405102e-05 9.8127837973444043e-06 0.00013015901322538381
-3.5753403693961419e-05 -1.28933681472123e-05 0.00011487865332819591
-9.161253524094231e-06 1.8684673180634323e-05 -7.8562255924447769e-06
2.7725231024955388e-05 9.4065711424284881e-06 1.2931029856529455e-05
-2.5627143862672064e-05 1.7655901134498719e-05 6.8583563873972353e-05
1.4421448392732696e-05 -1.9851715693089442e-05 2.9317565760985319e-05
4.2267726248889498e-06 -1.1788804527587335e-05 5.8759484911269366e-05
-1.9715055933553582e-05 8.6312723971893665e-06 5.5013444012898114e-05
3.9829733025409375e-05 1.2318356082827164e-05 5.244491545991492e-05
-1.8288775819736564e-05 1.9395988463025149e-05 6.0113453087179414e-05
-3.1669704725963144e-05 -1.4268273754029434e-05 4.384219768388542e-05
5.9687473064928321e-06 7.8850161457254307e-06 5.1008263842344738e-05
-5.8952062268191607e-05 2.9755922575890048e-05 2.6952784124713347e-05
2.3362078220143983e-05 -3.1827346037689719e-05 3.2517837831375811e-05
1.8208595234001471e-05 -2.3201129465050263e-05 3.6960627129486306e-05
-1.4261964487439355e-05 -4.0353769932745948e-06 2.7504285143745922e-05
8.8323680787726067e-07 -2.2038233862988485e-05 4.521548441056451e-05
2.6327131473642337e-05 -3.7135606730520632e-05 5.3965755710067009e-05
7.8048071805447705e-07 -5.0870521221910853e-06 4.0011229562736395e-05
-6.7415615164073683e-06 2.0617718670609686e-06 3.762467961615501e-05
1.4679844031564664e-05 -2.1288541490429376e-05 1.6918042830365437e-05
-1.0992212616578456e-05 -1.2362878620220119e-05 1.3599605634150025e-05
-3.2492386412962337e-06 -6.6431271918740923e-07 7.3410617340802125e-06
-6.3884186263647969e-06 6.0776972176677989e-06 3.1796607286481226e-05
-1.6842068494289653e-05 1.3648142146993614e-07 2.2162788291202329e-05
-7.467181323099481e-06 2.9306909921505975e-06 3.6024461918676004e-05
1.1079941384021985e-05 -1.5310439562335465e-07 1.2882502181781053e-06
-3.7754977314438665e-06 -2.1499507556255182e-05 4.399577788338771e-05
-1.9059231538547106e-05 2.0027952268297788e-06 7.0226156800717865e-06
3.0537050586545988e-05 -5.6181542831268416e-06 2.7125513701875548e-06
4.0911204294835635e-06 -7.130674161415218e-06 4.1582295900489952e-05
-9.7382521269326339e-06 2.3407359790115698e-05 5.5971128339503037e-06
-1.9059657966183363e-05 -1.4971356168527739e-05 7.2177735130629639e-06
-7.0095048082271633e-06 2.6616126015399644e-06 4.0792328997745278e-05
-2.1967227112587486e-06 5.1337799291010724e-06 3.1547465908561556e-05
-2.7637056571000549e-06 9.2263155813555723e-07 3.2753635739117548e-05
-1.4640952073348308e-05 2.0491703673243458e-05 3.5370983653026933e-05
7.6649154458346969e-06 1.4436950662591666e-06 4.3422561291639461e-05
1.5951483699888896e-05 -1.512636885675489e-05 3.9785068155406865e-06
-1.8810630545082474e-06 7.5755921408252047e-06 3.3147840511497973e-05
2.409521027441075e-05 4.4722127059779876e-06 2.1565915511265188e-05
1.5252657305787811e-05 7.9115592406800092e-06 2.4954605950505693e-05
6.583892077791087e-06 9.6795098605915314e-07 4.0913626614715925e-05
1.7688910088895531e-06 5.2941729605495086e-06 1.1227026680248754e-05
5.7904713033629651e-06 -1.112087966803621e-05 4.1520217228377398e-05
2.5185635502925074e-05 -1.2086520788948119e-05 1.0111002880619502e-05
2.1088436147977359e-05 -2.4133031286273283e-05 1.4319745436283717e-05
4.2449726516454594e-07 1.3621839214495758e-05 2.1564441137648938e-05
9.7166649222490964e-06 4.7163661759525022e-06 1.8961509760848615e-05
6.4946880911859008e-06 -5.3046329470332073e-06 1.9063627498766209e-05
7.4531860941791574e-06 6.1781172154056395e-06 -7.3992579657363252e-06
-9.4686767247338655e-06 -6.439332281456267e-08 4.0266775632873423e-06
1.1144643877785548e-05 -1.2900997625117649e-06 2.841435718640116e-05
8.0323547239907682e-06 -3.5590812553145269e-05 -2.1734264088425206e-05
2.4618134587657547e-05 -1.4449664454529304e-06 1.893691191939828e-05
1.1515202577999557e-05 -1.636870901541938e-05 -4.4357696514025347e-06
-5.9682159702367787e-06 -4.0003129394144965e-06 2.2726630599968767e-05
2.6788823873427625e-06 -9.3675968224349315e-06 2.9340572213911562e-05
1.5160949465242712e-05 -2.5513110760762986e-06 2.8500049791144177e-05
2.9250061487759091e-06 4.9338455487693902e-07 4.1197302140638659e-05
7.0275087944662743e-07 3.1747915391761028e-06 4.0070743076825455e-05
9.1415186995076444e-06 -2.146849341527834e-05 1.6435800917480314e-05
2.4076342035116854e-05 2.5369257731777672e-06 3.0563847224496232e-06
-2.6688345511333925e-05 8.5436213840659088e-06 -2.3302553523593065e-06
6.7415159244396672e-06 -1.1800699941180715e-05 6.6173589101659047e-06
4.7012525535919392e-06 -5.7997457444669553e-06 2.7601052892387012e-05
-5.5343252729557207e-06 4.2114348513359878e-06 1.8119449923713338e-05
-1.7270331327265756e-06 -6.3349790923213078e-06 -7.7810736604094766e-06
-1.8228077158510825e-06 -2.5359616755371572e-05 -7.8511922007029611e-06
3.2705019293935433e-06 -1.3687228433728604e-05 -2.2034150812616504e-05
2.7053850913248689e-05 -1.3193605263916997e-05 -1.6399184518581245e-05
-2.3640698203000743e-05 -6.6598235056863908e-06 2.2861588544753619e-05
-5.7361547255649348e-06 -7.9677061797928106e-06 1.0082249222709977e-05
8.4605042583521528e-06 5.6310773996759433e-06 -3.7986683174852896e-05
-6.3790293786600283e-06 -1.4689505671822145e-05 -1.8914485399106409e-05
2.327594548609882e-06 7.9528540838751105e-08 1.7686292972132207e-05
-3.1597948581520152e-05 -8.488335045436779e-06 -3.5481772896889252e-06
2.8772151612767305e-05 -1.6347034365066238e-05 -3.3989045504639881e-05
-5.2495514005213018e-07 -2.1941038373773925e-05 5.7763121293005759e-06
1.2696889225782826e-05 -8.0040935054800921e-06 1.1791541887101742e-05
-2.4929958300860081e-05 -1.3135836061041813e-05 -3.2865242876121848e-05
1.3136935239285719e-06 -5.8051067621748415e-06 -5.1784170935070817e-06
-1.5443382101458781e-05 4.6472794757108145e-06 -2.8534058517520888e-06
1.4868792667957924e-05 -1.0862323356868478e-05 -7.1896214618999958e-07
-2.2999905615869731e-05 -8.0200648299791344e-06 1.5230282103789738e-05
2.3028599519029497e-05 -3.3320196200919971e-06 1.0456395477531633e-06
1.9259659162013804e-05 4.5081238692762371e-06 -9.4948087712154461e-06
-1.499656306219106e-05 -1.2718630990726787e-05 -2.2382225710851597e-07
7.8848504407313946e-06 1.0245215753231125e-05 -1.8597096247553735e-05
-5.9458781522456206e-06 2.8351015761287485e-05 -2.5114078631652097e-05
-2.3386830327959344e-06 -8.880362329466299e-06 4.0273060611848804e-06
-1.1129710919072222e-05 1.8657960398904549e-05 -6.0015033056706746e-05
-1.1057585045437524e-05 1.2397557336438214e-05 -5.6235408879730386e-06
3.4960637951197623e-06 -9.3730051515896785e-06 2.6374882500096453e-06
8.415839848125679e-06 -1.5760692621798536e-05 -3.9348796558980048e-05
1.0115271433908113e-05 2.258889287430621e-05 -3.052591847916078e-05
9.700017094152725e-06 1.1399500769726512e-05 -5.5067246435780168e-07
-4.2241291119959889e-06 -6.6712505075866568e-06 -4.2771571538917363e-05
-1.6907395768817057e-05 -4.2552060621481314e-06 -1.9183983030248222e-05
3.503360438675187e-06 1.2422356658547962e-05 -8.4066013325279076e-06
1.3122329889203588e-05 1.1851127610984502e-05 -1.0603117747945488e-05
-5.2571585293370582e-06 -8.1706332641096058e-06 -4.9867521679729243e-05
-5.7674949248409657e-07 1.0530392502275387e-05 -4.4828298267518552e-05
4.2564295364810878e-05 -1.6396130864517258e-05 -8.4339754679030321e-05
-9.635521041689854e-06 6.5113628824053915e-06 -3.7819213650758243e-05
6.3681146783949039e-06 -1.2164682163834373e-05 -2.4158717272154684e-05
2.9597015258518104e-05 -4.0328059972591737e-06 -6.8525911514912105e-07
-3.0494128414383127e-06 3.4125283056713244e-05 -9.1755032231410471e-06
-2.1347587130210455e-05 -2.64845679279202e-06 -5.9206713408727562e-06
1.7552472139112621e-05 -3.2056273707448124e-05 -3.9635443084319691e-05
-2.0571261176879213e-05 -4.1332741850808041e-06 -2.4607814885613255e-05
3.2302847442877702e-05 3.346266122135344e-05 -7.5989453934639057e-05
1.1834183190392525e-05 -3.0503556545172228e-06 -1.9175680812159868e-05
-4.8088809630815466e-05 -7.8790225466127128e-06 -5.070040381133234e-05
2.1810981464163338e-05 1.0979762497689894e-05 -4.6880562311654717e-05
-2.3666214488821232e-05 1.9442047843234306e-06 -5.15105555215431e-05
-2.9780241610447011e-05 3.2417065929393751e-05 -3.7016455496058365e-05
2.064811210435169e-05 -1.2083214467238645e-05 -4.8287138334587865e-05
2.6047555917740948e-05 8.0483740366026531e-06 -6.5852515343007735e-05
-3.5820380777276672e-05 1.7789817536334462e-05 -7.2159074655145372e-05
-4.0386818656659718e-05 1.8940461892075211e-05 -4.7591220773171268e-05
2.5530734943693958e-05 1.4495621045839541e-06 -5.671927377884356e-05
1.7313549832293005e-05 -1.4742377456686447e-06 -1.0547588877381393e-05
-1.9783684072239606e-05 -3.1958221511619277e-06 5.1122546518914125e-06
1.5566352404487569e-05 -2.4996117745701429e-05 -5.0620375759427398e-05
-1.7941614205214951e-05 2.813790604919153e-05 -7.5062472197670593e-05
2.0636009444491288e-05 -4.2114662518528967e-05 -0.00012701211451730213
2.7852224197124275e-05 1.4126401358314259e-05 -1.0234243365575546e-05
-2.3237738762824089e-05 1.9702956470663002e-06 -5.14685646363644e-05
3.5884447664908951e-05 7.7996777916517136e-06 -4.6790787200108075e-05
1.5351169868449421e-05 -4.6771688710367521e-06 -6.7955678155817711e-05
3.0543165175793435e-05 -2.0475961046329268e-05 -5.6697758562413841e-05
-2.7665851749167358e-05 6.6516514317938036e-06 -7.077449424008897e-05
2.987793746888831e-05 5.1473151008132878e-05 -8.6120299724032345e-05
