4.0244014344103543e-07 2.2818719740802518e-05 4.8453505987144929e-05
3.1337634428809023e-05 -1.489729494156274e-05 1.8162171059737942e-05
5.2109860381492883e-05 3.5594711744818368e-05 4.8525592554568564e-05
1.6716428135388206e-05 1.9190467904828257e-05 3.3770498998463017e-05
1.761878183276222e-05 -2.3088267995517156e-05 1.9116144897551458e-05
-1.6441901950269532e-05 2.4058786920915344e-05 2.4600835653137455e-05
1.0484745833171105e-06 -2.6416222734841773e-05 4.5580575117427566e-05
-2.0126529731597648e-05 -1.2433596134007671e-05 2.2774584806380116e-05
-1.7439339447186404e-05 -2.0269642985595165e-05 8.7912987954170392e-06
-4.2845476042173827e-05 1.2958765102828729e-05 -2.6193003869298163e-05
2.6222830476704394e-05 9.5143280401124493e-06 2.8750632757838179e-05
-2.9704520299273211e-05 -1.3189927878313611e-05 2.4899728402090482e-05
-1.281070482697787e-05 2.8262109066717282e-07 1.5920992208495049e-05
-2.3533027756770467e-05 1.0756827626615166e-05 4.025922422071202e-05
1.0792057663474609e-05 -9.8167198146724421e-06 1.8927748795269025e-05
2.7977560447658978e-05 -1.4866182891690172e-05 2.5966192631933505e-06
-2.545772356428444e-06 -1.8550751560847401e-05 2.3590799310932099e-05
5.6965663908013398e-06 -1.7820087670865348e-05 3.9964944522652405e-05
7.9672747511569386e-06 7.1679062504657648e-06 4.2893048149269739e-05
2.3835045719359442e-06 -1.1078897360433659e-05 -1.1487787704095792e-05
-2.5009976615431202e-06 9.3997084521443841e-06 1.4056086215408214e-05
-1.7576942532571138e-06 2.3509896254436669e-05 3.4819848084553329e-05
-1.2809774175559507e-06 -1.3466809268430219e-05 1.9031592824195198e-05
9.2396641414305147e-07 2.4385152288530776e-06 2.6652623953009325e-05
3.31509148322653e-06 -2.3144841348836419e-05 2.4870841575408236e-05
-6.3043927882588946e-06 -8.5831608141080651e-06 3.189847592369394e-05
-7.3809927447340024e-06 3.1051046481063611e-06 7.4659870095399733e-06
3.8472828807686876e-06 -7.4521161430585181e-07 2.1336718260692514e-05
1.2796889228283703e-06 3.6714622899305244e-06 1.8987667075387807e-05
-5.7040696052404471e-06 -2.1220275322334826e-06 2.1386265981073946e-05
4.8698328806657046e-06 3.1865388021579122e-06 1.3566997246170637e-05
-9.6691748478132215e-07 4.105320179843483e-06 2.0215745025799665e-05
3.7717860123401368e-06 -1.5500952319502659e-06 1.0750388620289883e-05
2.3203335623523183e-06 -5.6024681486868677e-06 2.4964552725391159e-05
6.5894836438578058e-06 -1.6034795754281753e-06 4.6998869620033454e-06
-2.2067380666786544e-06 -3.5224802678101475e-06 2.111406454965042e-05
-2.485089365833297e-06 -2.6371324108646031e-06 3.5600265408195636e-06
3.2441576248138413e-06 1.7948662386779864e-06 1.3739975146962699e-05
6.3309726416134384e-07 1.9494175182413389e-06 1.7570036392100579e-05
-8.9112924354169464e-06 -1.8175329388400718e-06 -8.6581737204320663e-06
-5.8088282434999454e-06 8.1057702231747408e-06 2.7273258557373291e-06
-6.4278649585531439e-06 -4.1714026675120433e-06 1.1466625218978738e-05
-2.4441741354385912e-06 -2.7073200788395313e-06 8.3304840929020185e-06
-1.0761080328448341e-05 7.9199303594666075e-06 4.5583336279381959e-06
3.7217138247440384e-06 4.0645704007628847e-06 1.7598610985714025e-06
-5.3314150126983813e-06 -1.9577474761690904e-06 -6.2609922796275086e-07
-4.5738148520089068e-06 3.4695139729484879e-06 -1.475411564831608e-07
-2.1811889839282498e-06 1.4851832715913338e-07 4.1277734568745394e-06
5.6082943882936864e-06 -1.1974413116483494e-05 -1.0827843326384621e-05
4.8071457186132927e-06 -1.0079151105998885e-05 1.0252779629113529e-05
9.9221221580160673e-07 4.087301581634506e-07 7.2345699361281912e-06
7.8693769014456837e-07 -7.0229325191033601e-06 -1.181561619408885e-05
-1.5707962479198457e-05 7.7883666319490035e-07 -1.7527502462703535e-05
7.2458269030654054e-06 -6.668772689801338e-06 -4.3171618889182792e-06
7.4679664381349653e-06 1.4202848756972308e-05 -2.1245557673373051e-05
-3.0002968959793913e-06 -2.8855542215778076e-06 -9.9691760402185884e-06
-1.7467075631983492e-05 -3.0784895270318663e-06 6.1383738484896422e-07
-6.7667372823064509e-06 -1.0693180690549749e-05 -1.0557038405283742e-05
-5.4713026726068237e-06 6.7991661068939058e-06 -1.7448791143352259e-05
-3.0474419531918164e-06 1.0975547999304011e-05 -2.0878440619838249e-05
-1.019354318685349e-05 9.2370647584057164e-06 -1.177278113107319e-05
2.0239261434087941e-06 -2.0787149933032545e-06 3.2033886169303624e-05
1.0321100962461249e-06 1.8829680289876236e-06 -2.9404117845684835e-05
1.9460068702001343e-05 -1.4016421727136227e-05 -2.3310425917369426e-06
1.0570968321452212e-05 1.0474179585277105e-05 -2.6814790873290473e-05
-5.7975554782927971e-06 2.3944523370358906e-05 -4.1483055744896691e-05
-1.3001668548779169e-05 -8.9558951463786229e-06 -4.4941787597068891e-05
-1.2883158130948206e-05 -3.5264396714222257e-05 -6.5787098054323096e-05
1.3800979770831751e-05 -1.6538636919000149e-05 -2.0993027936729719e-05
1.5851896535465449e-05 2.1007820102619465e-05 -2.5268657083510882e-05
-1.8313615109852318e-05 -4.5019026763561294e-05 -6.6613395059610169e-05
-4.3506898082093515e-05 -2.1920725830400917e-05 -3.9251454243785511e-05
1.3090003853320764e-05 9.2117143184189398e-07 -3.2070317853904665e-05
3.2572943579319218e-05 1.1538311511104194e-05 -9.6937742772862379e-06
3.6633851668882444e-05 7.0586104134309768e-05 -6.3999229028624538e-06
-1.026062488925422e-05 1.0307351111386799e-05 -1.4535706502214786e-05
-3.8769677750152097e-05 -6.5209617080112803e-06 -4.7972641149782057e-05
2.4184639465935076e-05 5.1381176335105888e-06 -4.0486219342300546e-05
7.6123382589561583e-06 7.6314354139926655e-05 -6.1872513032550205e-05
-4.3878749187447989e-05 -2.3588983847250798e-05 -5.4183863129241006e-05
-1.6837392659781875e-05 8.6166136479422749e-06 -1.4183093693640368e-05
2.1679048876810511e-05 1.1636104455665236e-05 -1.4692528777247968e-05
1.9414396422584579e-05 -9.747508298331431e-07 -5.6483092420162168e-05
1.2743153293345855e-06 -2.2119486092542218e-05 -6.6036724636856978e-05
-4.0445005567531743e-05 -2.3465164255248583e-05 5.7175732768199872e-05
-6.572130789887754e-06 3.5929433720910398e-05 2.9801393470300919e-06
-1.0744122758296615e-05 -3.0921843942890992e-05 4.9202301627859768e-05
-4.6274636570850514e-07 -4.8082698503038035e-06 3.7574850309890495e-05
2.9198301933312798e-06 -2.5004354997359979e-06 2.4875242389171826e-05
-3.5762352723275881e-06 5.5509560311932295e-06 -7.0089268844834157e-06
-1.6532418328264048e-05 -1.2193379627022279e-05 2.3367472759616714e-05
1.0463676425303409e-06 -1.5152890536745955e-05 4.6064209704241993e-05
7.3471015112182639e-06 -1.6548040642553469e-05 4.5929300078271368e-05
-1.0594560970544533e-05 2.3860290144783747e-06 1.184465466820832e-05
1.0738218832141181e-05 1.2815928463149352e-05 2.8172051929630654e-05
4.5118691058977719e-06 -3.1547307782770205e-06 3.3710744480913712e-05
2.4739992370986785e-06 -4.5614100154939274e-06 3.3082370659466911e-05
4.2375676759477329e-06 -1.3680530867993083e-05 3.0167766582091477e-05
6.298097506504674e-07 -1.612940780899158e-06 2.7497455299051673e-05
8.1963829238248381e-06 -8.2808239505183234e-06 2.2757915037349696e-05
1.8727658643854391e-05 -7.0582303745439848e-06 1.9151273942524786e-05
-1.1731089092277894e-05 1.3485800197873821e-06 1.4927430648994846e-05
5.8140689817957891e-06 8.3272237998525955e-06 -8.8333871047104572e-08
4.1176484579918265e-07 -3.3582208041624609e-06 7.4582564088048961e-06
9.5543153189499297e-06 -8.2018033416980662e-08 3.655741293809524e-06
-1.0317114272647906e-05 4.3749029294195153e-06 1.9967543134352672e-06
1.1202576674730624e-05 -4.6032215905017493e-06 -1.1575077159185816e-05
1.1821853207277799e-05 -1.1370724797732379e-05 9.8908166536403573e-06
-2.9045194248379647e-06 -6.5419712231770677e-07 6.8952827193945881e-06
5.1178977213996169e-07 -9.5967423933622335e-06 -1.4607124110447428e-05
-7.1748387391219748e-07 4.2091972666559452e-07 -2.1746423388875613e-05
-5.9231286591836935e-06 -1.1176444977303163e-05 2.4795716213121127e-05
2.1128305240925016e-06 2.1759307676255668e-05 1.9575419864144294e-05
-3.4149065965931313e-06 6.3915551476445565e-06 -3.6143901600560469e-05
-2.9675368864168217e-06 -1.8088968305655581e-05 -1.155140126661916e-05
2.0329769076463475e-05 -2.7872997246207454e-05 -3.1813162693683505e-05
-4.2154944114927706e-07 2.3914859428153523e-05 -2.1076431297978315e-05
-1.4299665265294865e-05 -2.2712273205441013e-05 -1.4554268504413104e-05
4.5709081454639588e-05 -8.4981093244895778e-06 -1.214338895935696e-05
2.2928852055893582e-05 -1.1821153974283377e-05 -7.9204048239883695e-05
-5.8578730874666446e-05 7.0149510223369016e-05 3.8743267568561862e-05
6.8563638950544167e-05 -3.3299782290878432e-05 -2.2049678331768907e-05
2.8766654786641088e-05 -3.3165298051546915e-05 5.8839173366527931e-05
-3.1745672322777002e-05 4.4928067727822985e-06 4.2447380210730232e-05
1.5625880671832348e-05 -6.0591498787787579e-07 7.7245437486883617e-05
-1.0698839989094122e-05 -1.0833432969955701e-06 5.0813161759699632e-05
1.0052799315245511e-05 1.9189358739587592e-05 3.9906702640514247e-05
3.6457059289724328e-06 -1.9676520025104297e-05 1.2453093089392908e-05
-1.3241252484112384e-05 -7.1055399039317638e-06 4.6055164338284008e-05
3.6873197335484959e-06 -5.3521871249265825e-06 5.1979268142562121e-05
1.049642232697854e-05 -3.6408557314892079e-07 3.7473517869310692e-05
1.8733768568639664e-06 6.4854012715373499e-07 4.1192774357366757e-05
-8.5165069091761719e-06 1.7360999615689821e-07 5.4519002277203434e-06
5.3608086936850316e-06 -5.5760772343474733e-06 2.7866213024045324e-05
-1.1009959311464903e-05 -3.332501056637141e-06 2.2232683549794444e-05
-2.0142317968514052e-06 -2.5992209980975551e-06 1.2898339717670428e-05
2.7525492281410546e-05 1.2549647180934431e-05 1.2965331615395499e-05
-1.302528893281198e-05 2.5883254055423383e-06 -3.0819929738227884e-06
5.8296299575016919e-06 -1.0724330255843439e-05 3.3670628874979402e-05
-1.7303644377862247e-05 -7.3638247668908821e-06 2.6984079593094564e-05
-6.1529470522903029e-05 9.2445206192857954e-06 7.6524601284475025e-05
-7.1408723163114696e-05 8.2393506894342522e-06 5.5326811508465967e-06
-6.7001835594993064e-07 2.3801358553472013e-05 -9.3442371376234457e-06
3.5356166706462591e-05 3.0377734551376157e-05 -1.0566199745234398e-05
-6.051816706281743e-05 1.0495778745567286e-05 -1.2937088937590123e-05
7.9150263171193225e-05 1.8648788235112179e-05 3.485770757921669e-05
-1.3744442208071805e-05 2.0185433264690439e-05 4.4474775336533767e-05
1.0818515437466258e-05 1.9830465562281629e-06 4.990717657638033e-05
1.1980654350226758e-05 -2.2372036413045859e-05 2.9625021374991189e-05
-1.4316167400309221e-05 2.0976937793050487e-05 3.9179606573976837e-05
4.6101014801593759e-05 -4.2059201021328162e-05 -2.690909355201887e-06
-8.2908471639164816e-06 2.1937667891248468e-05 3.1952528766644641e-05
1.5315957946113179e-05 1.0514872676198328e-05 3.2853876032495899e-05
-1.9869005156131214e-05 -4.9166981945653054e-06 1.5612553748711733e-06
-3.7615004161363486e-05 2.9507092022096337e-05 -4.4863712528882271e-05
4.9741154150802214e-05 -1.362743504051446e-05 -4.2389190081881106e-05
3.5117600172808352e-05 1.5107070178436131e-05 -2.1581311971259646e-05
-2.3626763928927553e-05 -3.9131108367490132e-06 -3.6377083426013257e-05
-2.4499770560654222e-05 5.4039139299050243e-06 3.8410385168920202e-05
2.4279612847476003e-05 -3.0954652498333937e-05 -4.1517382145685297e-06
-1.3462236938814598e-05 -3.3064207854462124e-06 2.1906124506532176e-05
3.166663127024405e-06 -6.4764238061447432e-06 1.9749405767779948e-05
2.8978521863363971e-05 6.2616491256856088e-05 1.8090238727577757e-05
-1.8173015510785165e-05 -1.3014735631311503e-05 2.2646226222333699e-05
-9.4321866602348157e-06 -7.8325571613751307e-06 1.3303120120832217e-05
1.7554911347070212e-05 -1.9839130070094246e-05 2.6779021937664571e-05
1.3756705727466234e-05 -4.5527034708836567e-06 -5.0521543379895237e-06
-3.688039052695798e-05 3.3683209238376255e-05 2.0493610301746503e-06
-2.1736362110745533e-07 1.1666622417444428e-06 1.213253370278139e-05
1.9401504345640357e-05 -1.1786538968753049e-05 5.3822310097138777e-06
-2.005830348562887e-05 2.6291497783058923e-06 -7.1542674577970523e-06
2.3264997816862393e-05 -1.1533595425855525e-05 8.5016015703709424e-06
9.0669840274448799e-06 2.1440554768254946e-05 3.4345309964406434e-05
7.1961455811175856e-06 -3.5508149620489676e-05 5.6417002563730057e-05
1.3711437533925341e-05 -6.4635714244198894e-06 5.5815037579148852e-06
-7.9307364678898873e-06 -1.9038009219374263e-06 1.2060964383067696e-05
-1.1926578217032191e-05 -3.2405923807848902e-06 1.3006715637142729e-05
1.1479091122189621e-05 -1.542485222152945e-05 7.7164243122645153e-07
-1.3752888243762085e-05 -8.8933881174230178e-06 3.6779665485986435e-06
4.8779532362541733e-06 3.2289100135862725e-06 3.7533129447448604e-05
-6.4001789776369319e-07 -7.6959406495593838e-07 2.7944309575008222e-05
-1.1903631955481608e-06 -9.103944309113432e-06 2.7782935322908167e-05
2.6719847203149349e-06 3.0016693103873671e-06 8.8086315333663068e-06
-9.4096786062286553e-07 1.8080555694299782e-07 1.9346481398424542e-05
2.0175723629695108e-06 -4.068196143902636e-06 1.4474028901118041e-05
-5.5048356335160948e-06 2.1963004506242317e-06 1.3577687661769569e-05
-1.4430452749431e-05 -1.8622378188103486e-05 5.0279810316633533e-07
1.31734897641952e-05 6.4416662574791339e-06 2.1172680236313749e-05
1.1004605774102792e-05 -8.4546771962412583e-06 8.8339456610506515e-06
-2.227637948086353e-06 8.4565373260349523e-06 5.2461772279913804e-06
1.5981146866065731e-05 -5.530774956717297e-06 3.2099186448711348e-05
-1.5397624861981929e-05 1.7015173949322393e-07 3.0466353081348707e-05
1.6356675090360125e-06 2.3202658257504005e-06 -1.6656388034260415e-06
3.8659663535930977e-06 -2.2554992187423517e-06 1.4309866472017381e-05
1.0867681584818658e-05 -7.4960155500135989e-06 6.9938775264684339e-06
4.654877596223746e-06 -7.1726855177581782e-06 1.1566092701362825e-05
3.8290150274761237e-07 3.7961573410814908e-06 9.1538173767023723e-06
4.3123143345672951e-06 -6.5833469085280552e-06 8.4958948430431761e-06
1.243850763180121e-06 -7.8648403551706547e-06 9.7038847134828243e-06
-8.9730547235683522e-06 -5.2642751951770261e-06 1.0672292471369804e-05
-1.2547349238181682e-05 5.7928636011117529e-06 2.0045848216812545e-05
-7.557449855209882e-07 -7.7136647411732515e-06 1.4746479895067638e-05
7.1380520300368122e-06 -6.9137738726299247e-06 2.1787717387076501e-05
6.5751620229106966e-06 -3.1271111640904237e-06 1.9931016956728498e-05
-4.8673661727057257e-06 1.9326675641667679e-06 1.3442498282601596e-05
-6.5924942120546698e-06 -9.2649072565937837e-06 -7.760819788270708e-06
4.3490586206507142e-06 -9.0733495065192793e-06 5.9016322530650034e-06
-6.7906825260422021e-06 5.7682574772233153e-07 4.3722877425683704e-06
4.350483293071213e-06 -7.1282820141425804e-06 9.7612680587977373e-07
3.8762917194470892e-06 8.1364672862476242e-07 -3.4334786572325082e-06
5.8254113910749528e-06 -2.3700833271106392e-06 9.2266498157092536e-06
-9.5857281589423193e-07 -1.3837212049644387e-06 3.3555832461675187e-06
7.595305176744116e-06 -6.2495951999343158e-06 2.9299673815069704e-06
-9.1813836374243785e-06 2.8479521508584238e-06 3.8333803792506282e-06
3.3289228194566256e-06 5.1723900113403998e-06 9.2274613497367319e-07
-7.4013133919718015e-07 -1.2692006629394113e-05 -3.4596536370168351e-06
-8.9849505931043072e-06 2.6716986621100336e-06 -5.4004945978236574e-06
-6.4047693828835767e-06 2.5270371677849068e-07 -2.2121363851657083e-05
4.44346182813804e-07 1.2394150686656502e-05 -1.5356173836481024e-05
6.2745981946957241e-06 3.4589265873324893e-06 -2.2772201106052714e-06
-1.0842036180595648e-05 -4.2649717546701382e-08 -3.2099761242757041e-06
-3.7187966398501382e-06 -3.7525513977912373e-06 -1.0294869473993773e-05
-7.2321268165288777e-06 -1.9431995872606911e-06 -1.0345634359643086e-05
1.4325624196314346e-05 -5.6085056206606199e-06 -1.0759668360893482e-05
-6.0181302453943264e-06 2.55595915096829e-06 -3.590941910072698e-05
-3.5925910885081791e-08 8.2157336220300969e-07 -8.6741175392701653e-06
6.266776619717751e-07 1.9302972051327139e-07 -8.6460825531712064e-06
1.9466632498327252e-07 -1.153145158189206e-05 -3.1836762464093962e-05
-9.9616711264384483e-06 -2.7166201621298125e-06 -2.2662610960570446e-05
5.6512414369352948e-06 -4.2750109160993865e-08 -1.2729670178859842e-06
-4.9221673876520295e-06 9.2892865318924429e-07 -1.7055226886676437e-05
-7.7115796909416057e-06 9.0415296441354043e-06 -1.7938911905240884e-06
-1.0121755558478718e-05 2.3724724377005568e-06 -7.9302329315522613e-06
-1.1771333764745706e-05 -6.9743966992774631e-06 -1.1873077965365852e-05
-2.576391274475287e-06 3.0473387168244992e-06 -1.4793638502472173e-05
-4.8107630494301223e-06 6.0675451466971064e-07 -3.4942195313664159e-05
-9.3238640758441793e-06 1.3802381186114182e-05 -2.4823381528399358e-05
-8.2538454526645191e-07 -1.0118943007249355e-05 -1.6188424560591858e-05
-4.8926760606374242e-06 -2.6730663369237129e-06 -3.0195994282389282e-05
-5.2212228257748905e-06 -7.4788511624512832e-06 -2.1656659656421606e-06
-1.2394570043454379e-06 1.1606656702999133e-05 -3.5480499646246149e-05
-2.3489626003111996e-06 -1.2649707863944537e-05 -2.0430504758556234e-05
1.2904941638761103e-05 9.5250062206453379e-06 -4.2682684879058463e-05
-1.2716188083249785e-05 1.8856783595944462e-05 -4.1250297354295321e-05
-1.394494565020419e-05 -2.3860551282505098e-06 -1.9407843131188929e-05
2.1345396978220132e-06 1.408147305012597e-05 -5.8633137371477684e-05
7.114252490542268e-06 -5.8847106965327113e-06 -1.8894820848457984e-05
2.8293775833736212e-06 7.4169344550876343e-06 -1.4524645526044211e-05
2.0132876509558798e-06 1.5764742324043957e-05 -1.4976722848045187e-05
1.1088385867275008e-06 1.4974993134769798e-05 -2.8529472715749456e-05
9.2864474260988195e-06 -4.8300591886929478e-06 -3.1102901367137452e-05
-1.2450878562358936e-05 3.0735794448455422e-07 -2.6691079311174509e-05
-2.9935906260131206e-06 -7.361814403125666e-06 -1.1999238904835969e-05
-4.4666417668287606e-06 6.0142490621584166e-06 -1.1093377176207148e-05
1.2203456391524092e-05 -5.7175154062893974e-06 -2.9507901949096045e-05
1.0771918165099204e-05 1.7077868569997934e-06 -4.7473327538228444e-05
-1.0082227554913907e-05 4.6130345694367074e-06 -3.6069293653684387e-05
1.8433972706729973e-05 8.5860092795264631e-06 -5.0714977048324505e-05
-6.1465385416126228e-06 -4.57907385241485e-06 -2.8288825782894766e-05
-3.368303564989239e-06 1.1755020671425087e-05 -1.554615902128742e-05
1.8336543731312452e-05 -1.3705530195672229e-05 -1.1853668254011625e-05
1.2952797526449497e-05 1.1840394960884251e-05 -3.5607620143211088e-05
-9.4423476982765819e-06 7.3948816563523713e-06 -2.9026494112769068e-05
1.225473801609589e-06 -8.8438213388039588e-06 -4.6304856240214631e-05
1.6917912501777238e-05 2.668773373772082e-06 -2.5923319183496218e-05
-1.7644720287923743e-05 -6.9652288688659691e-06 -3.8449188824313252e-05
-1.6844978033066932e-05 3.8157073448866693e-05 -1.6390413859858114e-05
1.7706702602673235e-05 -3.2040536503463724e-05 -3.6201474970368186e-05
7.990511541479121e-06 -4.4946580259866943e-06 -3.5794515894360668e-05
5.3345991558680116e-07 2.257439827778665e-06 -2.5022541695618461e-06
1.891361304579009e-05 -3.8996209534639115e-05 -4.8972810272579492e-05
-2.4226748433928136e-05 5.8404254708807612e-06 -3.7212807155115324e-05
-1.0336311378644769e-05 3.264136438631271e-05 -4.5859473211007362e-05
1.9985027891841756e-05 -4.6101162529121886e-05 -5.6470540295699978e-05
6.9247616267843759e-06 2.1113859471261209e-05 -2.0724256227861726e-05
-2.0416133616756096e-05 6.7650248153864473e-06 -2.9125793430437308e-05
4.4608892831706805e-05 1.9019631953970384e-05 -4.0167092115593606e-05
-4.2838423113212773e-06 1.9695931825345855e-05 -2.9726027737953312e-05
4.2497824160392489e-05 -2.1704113493698903e-05 2.4497388532312286e-05
-4.9019231731825541e-05 3.8836656804375203e-05 4.2653892213806444e-06
-2.8106755133573691e-05 -3.2507016382632425e-05 5.0579573955544799e-06
9.8586230313146356e-06 3.2405965971628077e-05 4.3225699995888545e-05
-2.3721576611165918e-05 9.1628707294538758e-06 -4.4579729523458456e-05
2.4453423345501468e-06 -9.1804616309104659e-06 -5.534735729562795e-05
3.5321597542804783e-05 8.1007978503244704e-06 -7.1652401453753769e-05
-1.0672435325020293e-05 1.7363472080895042e-05 -7.7543783838745876e-06
1.0436671574895473e-05 -3.0011759598047583e-05 -6.4443277785153352e-05
1.2421878434202421e-05 2.74297445639754e-05 -1.6304528663630205e-05
