3.1395686034704773e-05 -1.8350661235677634e-05 5.426083516238368e-05
-1.6202969430345181e-05 9.4666565674857844e-06 3.7267175392731271e-06
3.0465255537097478e-08 2.1991227538899899e-07 1.1060368527624886e-05
-1.6406218080369903e-05 9.3712563967477888e-06 3.7228465844594931e-06
-6.8334843516940948e-08 -2.1093484716024069e-07 1.1877937250659009e-05
3.1421962236098319e-05 -1.7934908981831477e-05 5.420225025129467e-05
-1.628977207683563e-05 9.1972422940878561e-06 3.1910448862466738e-06
-1.2478542996515385e-07 2.1607899219986543e-07 1.0233728170299782e-05
3.1404399012613382e-05 -1.8222692356406611e-05 5.3987561371620762e-05
-1.6102081050869618e-05 9.4094894096600872e-06 3.7748138506442201e-06
-4.7564673635847564e-08 -1.1866303487040319e-07 1.0692182589144405e-05
3.1254913173794918e-05 -1.7993216189671202e-05 5.4253989969609961e-05
-1.7639936540081447e-06 8.6412013410031019e-07 -2.9465833644692126e-05
-3.5062847174047802e-08 -5.3934132427336731e-06 1.6831156278397045e-05
-1.6262568791513253e-05 9.4215707808079432e-06 -2.6856305082761153e-05
-1.6235788589342071e-05 9.5026247008273002e-06 -2.6748619725546537e-05
-1.4084160313650629e-06 1.0249813966120569e-06 -2.9163927195518299e-05
5.5319105999873663e-06 2.1864519845829489e-06 1.7502103164669051e-05
-1.1638551307827419e-06 8.2602707610155562e-07 -2.9130561821811337e-05
7.5741258796779707e-06 -3.2767787941551151e-06 1.7760521903826491e-05
-1.6408666035167051e-05 9.4305830336139512e-06 -2.6777129181759004e-05
-1.4833677128285963e-06 7.5261742791665059e-07 -3.0001519064270284e-05
1.8599299240299074e-06 -2.125131334829904e-06 1.9034826200409975e-05
-1.6444071042901224e-05 9.4323441015278439e-06 -2.6335652777977666e-05
