3.6424382978059167e-06 -2.5555851625999127e-07 8.7300421731896158e-06
2.9216748330014586e-06 -2.140135997705288e-07 2.2326232459830495e-06
-1.1182686227657803e-06 -2.7277101730810438e-07 1.3662887941709098e-06
4.6268860467296724e-07 -5.8299068877998295e-08 6.8648969853406933e-07
2.747885115457374e-06 -1.6959359392353102e-07 2.426288006114434e-06
-2.4110554810042456e-07 -7.9286707384935377e-08 -1.505194350250906e-06
2.0718807971964372e-06 -1.2954024109946703e-07 8.5924629803979177e-06
2.2058075354290663e-06 -1.5096289101576912e-06 4.0922404285935118e-06
1.0537420948677524e-06 -2.7065866763074128e-07 -2.4095614360878162e-06
2.1411280943614986e-06 3.5344422998123595e-06 2.909649218388842e-06
2.038192847237958e-06 -3.8147392585540993e-07 -7.467194498211524e-07
3.5288086348072103e-06 3.9385914635757638e-06 5.6628849065014017e-06
5.7627515609749973e-06 -7.0459532645821368e-07 7.0106800895966201e-06
-2.0244972729135946e-07 -4.4793338733193407e-07 2.602566789291702e-07
8.8683810703441002e-06 1.1159273065507657e-05 -1.8555160186658169e-05
2.2543530068634687e-06 1.1365616218518592e-06 4.1160954520154044e-06
1.0749026453777105e-06 1.2229221305650991e-07 -2.4998867042347675e-06
2.1709184097542947e-06 -3.8723455239784402e-06 2.9929459472209999e-06
1.9399203445417436e-06 -4.2223709846805988e-07 -4.5332688691519102e-07
3.4999159243953441e-06 -4.1880300954116986e-06 5.6977290086761626e-06
5.6818392200552129e-06 -6.038925033993725e-08 6.8837210080953046e-06
-1.9171868846494002e-07 2.7903461750911074e-07 2.5536947945766636e-07
8.9408441421474916e-06 -1.1821222906810598e-05 -1.8852756774771946e-05
2.3791039100106402e-06 -2.2814634899684383e-07 -5.8068234761506771e-07
-1.2719412479777342e-07 -7.821750778503906e-08 -2.6373978603009066e-06
-2.9765665582066198e-06 -1.3632285303060549e-07 6.8017442807410608e-06
2.8684356916074127e-06 -6.8571002662500338e-07 -9.62787004057334e-06
-1.4553393154921861e-06 -1.3508504923690756e-07 8.7699878758337041e-07
2.3030613548156997e-06 -2.2332903326438081e-07 8.9152768087156706e-06
1.6164075796326616e-06 -5.5970354216790252e-08 1.2255270840947838e-06
-1.084170956335874e-05 -2.4266470383853614e-07 -1.1974985700957154e-05
7.1062147143979501e-06 -9.602678249481366e-07 -1.1612343787469233e-05
-4.7229389284058308e-05 4.5879971487110022e-06 -3.4774482448418458e-05
