1.9111567864849423e-05 -1.6358768280111901e-05 -1.4780632457592202e-05
-1.6026429481312207e-05 -2.2309779950274375e-05 2.9625255646703597e-05
-1.9691579239871801e-05 4.820035080466504e-06 -8.504348752864585e-06
1.3680807942143477e-05 -4.2334225238943428e-06 1.1656295307215315e-05
-1.4800741536147299e-05 7.6692760789774661e-06 -1.7160045470265145e-07
-3.1554172510991213e-05 -2.0383079650837695e-06 -5.6130000168456984e-06
-8.2890545954478201e-06 1.9663363050317841e-05 5.2720771680295209e-06
2.466696979955621e-05 1.7779395385277355e-05 1.2936021942418219e-05
6.701701003955881e-06 1.1675221755653648e-06 1.3378935120919568e-05
8.3740274641136569e-06 -9.4184495427751536e-06 -4.596006553790735e-06
1.9171988684222284e-05 6.16334319586756e-06 1.2075886186844673e-05
1.9153995185929376e-05 -3.8463965630515518e-06 -4.5297175833639014e-06
2.4330187878431578e-05 5.6663486259638006e-06 7.0638493965963223e-06
2.7107591093249389e-06 6.93579023723146e-06 -1.8282666641947755e-05
1.1943518736874572e-06 -2.7087674437618024e-05 2.7503697050205653e-05
3.9831331233818128e-06 -1.3106262158165544e-05 -1.1806327231789898e-05
2.9005065624150995e-05 -1.3883969880445503e-05 3.4622428917662612e-05
1.2612065261972456e-05 1.3832149368658148e-05 -8.4272695819073013e-06
1.6580488707292063e-05 -2.1047672960612749e-06 -2.3644930064199016e-06
8.8491140161266413e-06 -4.8346984824094996e-06 -9.9971204835117098e-06
-7.3468110531207368e-06 -4.3275249080277317e-06 -2.080303491913682e-05
3.0468963647001246e-05 -8.560311018701583e-06 5.6918459907960225e-06
1.8296026737640858e-05 1.3245507195586148e-05 6.7376144853970033e-05
6.4057104618361893e-06 -4.7626903941777599e-06 -2.4139305791058552e-05
-7.8414052646995878e-06 6.0825671625516515e-06 7.7294834890553714e-06
4.6216340430123293e-06 5.8493892694376926e-06 2.5370115606647284e-05
-1.4700063653082674e-05 -4.0426831755891249e-06 -1.841914527066224e-05
-5.3675597522229168e-06 -1.4134927073305992e-05 1.3218772234140086e-05
9.9728434521488551e-07 2.3789315711144482e-06 -3.4789380698990041e-06
-3.0907911973890442e-06 -8.8225249181299228e-06 1.6899464160588127e-05
9.9401711011089244e-06 2.3231648158539286e-06 -1.2587946449423709e-06
-3.4863702546742781e-06 -3.5321583610415511e-06 -2.2740449139430416e-05
5.3380214830823711e-06 -8.683604585543736e-06 -7.1712753904265439e-06
-3.714129903535603e-06 -2.639057129672634e-05 5.8479342684364887e-05
1.8997111950192803e-05 -2.9607601084614445e-05 1.1885850458390884e-06
3.7969956234642035e-05 -3.6906763749981406e-05 2.3214116684710158e-05
2.6684756715238123e-06 2.0833312362016077e-06 -1.9342379549007124e-05
2.2539165148289381e-05 -2.1147821889305751e-05 -2.0649892896116831e-05
-1.3149155587732536e-05 2.8928878638176218e-06 6.5375011429202028e-06
1.3229392437766059e-05 -1.2315503514889227e-05 -4.8675099042737313e-06
1.3409112838409508e-05 1.8302314424550187e-05 3.2212704558974526e-06
6.0138896101321832e-07 -8.144033380207312e-06 1.4444185549977427e-05
4.7734592148076897e-06 1.3612186215792438e-05 2.5785114378997225e-05
-8.081303102809974e-06 7.694364200113899e-06 5.9760454216286284e-06
-3.0760889009599847e-05 3.6106389632009765e-05 -3.1546939260032001e-05
-7.0797988491373438e-07 -2.5867708071105819e-06 -9.4474734243787939e-06
-1.3899219007132393e-05 -1.5551133226193211e-05 -1.793578612947766e-05
1.5108418732803533e-05 8.7246329691056165e-06 1.0115422949152908e-05
1.7925176471096649e-05 1.4486653011859182e-07 -4.8052000436648163e-06
5.001907363562548e-05 -2.4984225354010656e-05 3.7316966389403308e-05
2.7259964714508088e-05 4.994968665350541e-06 2.2360552355236497e-05
3.7223896501073797e-06 4.2213941885675286e-06 -1.7135099367847109e-05
1.1397037205796745e-05 1.3102031592374015e-05 -5.4025613530797427e-06
-1.2826468140690562e-05 1.8786278409925125e-05 -1.5135071526607875e-05
7.7395227804366584e-07 7.894374189243436e-06 1.8369555187201598e-05
1.1202661291103561e-05 -2.6118342510924458e-05 -1.220584432285593e-05
-1.2070639405302452e-05 1.0083107226832588e-05 4.2273069976207778e-06
5.3755288271437052e-06 7.4972465098663114e-06 -2.1378507924878221e-06
2.6637252374273463e-05 -1.3020308170769157e-05 1.413839700889387e-05
-9.8225993123060963e-06 -2.7574797895159927e-06 1.4209413566328372e-05
1.0100832261227682e-05 -4.9864027761858942e-06 -1.3802556964905011e-05
7.2822357173087861e-06 1.6165660717130969e-06 5.3726394574950098e-06
-6.8589237162408612e-06 1.9631260123470495e-06 -3.6902044024934855e-05
-1.5679747498383717e-05 3.6862305187309805e-06 -3.3515618216689884e-05
-7.3273089078451648e-06 -1.8576827487182257e-05 -2.195121816742085e-05
8.6546769608019519e-06 -2.4906919132358651e-05 1.2677189437978326e-05
-1.178705852067503e-05 -1.2305717476346345e-05 6.7968884865012708e-06
1.2025223537304262e-05 -2.5456617781388635e-06 4.4423458102840524e-05
-1.930406247295513e-05 7.7321248514849311e-06 6.6735245400108278e-08
-7.5212194623465142e-06 -3.391173145572148e-06 -5.1208252642303984e-06
-3.2761737714952568e-05 -8.7431018368829688e-06 -9.5556455950718266e-06
-3.8792816051906324e-05 -5.6226829608929663e-08 2.2113660869375964e-05
1.3884847485857998e-05 -2.5031586599146005e-05 -1.7477902449537585e-06
2.2026645538438319e-05 -3.7594785037894235e-06 -2.2078923724411226e-05
1.3296079126000337e-05 -3.2328489995322833e-06 1.3375042297078532e-05
5.0796465417026729e-06 4.5438711139994298e-06 2.6333927702598681e-05
-1.4078723627585981e-06 9.0109255812542699e-07 1.1442778299857251e-05
-5.2426387254708717e-07 -7.5013632327321222e-06 -1.3403649610530883e-05
5.377840055709876e-06 1.0754511210742113e-06 -2.2121474911472507e-06
4.6023373736284179e-06 9.3584035382263814e-06 2.15723238654493e-05
-2.4437728590483935e-05 8.068601551211585e-06 9.6400443995402197e-06
4.0538122056133359e-05 -2.7377786726259963e-05 2.767693409060857e-05
1.2587228941105325e-06 1.3099884303098552e-05 -8.2301609618980944e-06
-1.6860159591326751e-05 3.3762988177699071e-05 -1.1669650839264264e-05
-1.017555886225563e-05 1.6671503014740677e-05 -1.0565870304624081e-05
-9.3474993964530548e-06 9.2035105951418505e-06 -1.2169839317333758e-05
4.0977875531837443e-06 -2.3296088740195783e-05 -4.7034445303629444e-06
1.4296936675123328e-05 6.262630393424895e-06 -2.0948298770258333e-06
-2.2914668292206911e-05 -8.8207989470956427e-06 1.0314156305077371e-05
5.0146581939691792e-07 -5.6177112710464796e-06 3.953638809264283e-06
4.6097149634157647e-06 3.4584143352267387e-06 -1.9848103381011126e-05
-4.2129495838360079e-06 1.8002877481355407e-05 -5.1599640542669949e-06
-8.7590278410503222e-06 -1.5930777015236812e-05 -2.2138192687910438e-05
-1.2378294654180936e-05 -4.6360969652159412e-07 5.7980955854196803e-06
-1.2696209949741378e-05 2.7903922930651304e-06 -7.960616158562972e-06
-6.8979929390349746e-06 -7.4407762981615328e-06 -2.660950898910816e-05
1.6643185674070082e-07 -2.8206074635856761e-06 -3.6921663119067125e-05
-1.4769556145165924e-06 3.703157742181596e-07 -1.0420051511155325e-05
-7.27146377818913e-06 -9.4210052531580601e-07 -6.4719607635379812e-06
-1.023328383810071e-05 -1.8212251934966034e-06 -1.2575139871070151e-05
-1.4145131740486041e-05 1.6004704785934493e-05 -1.6546864131677042e-06
-1.5171737441511957e-05 2.4608516767180011e-06 -2.1343471929331607e-05
-8.0768125932662027e-06 -5.512853454639477e-07 -2.173117861145081e-05
-4.5376835507474587e-06 7.8467384553582153e-06 9.958453705265647e-07
-2.9863459797860039e-06 8.6467596851263444e-06 -1.5048847296199045e-05
6.2153386679447697e-06 -4.9158395093590324e-06 -2.0030555682667289e-05
6.0726585078552109e-07 8.6666375351124314e-06 -2.3325846191697392e-06
5.6375721828455516e-06 5.589109696585437e-08 -1.5965656956098626e-05
3.3921957324749979e-06 1.6458292515814099e-05 -1.8138575630853322e-05
-3.1394789254401978e-08 5.5642821136621867e-06 1.1486545498559306e-05
-2.6479609194742654e-05 -1.4953543844321848e-06 9.9778612044978954e-06
-1.8081986408381712e-05 6.1241868416495038e-06 -3.1619197093241125e-07
1.3045679698509005e-05 -1.1559516596482133e-05 -3.5669331328175291e-07
1.766792089421404e-05 -1.6685744276215969e-05 1.3521756128102061e-05
1.9241941723716072e-05 -4.7306469059434086e-06 1.0004820953750382e-06
1.6579402688013883e-05 1.6804216834247372e-05 1.0107204097061818e-05
1.9602593510492583e-05 -1.0498045226734907e-05 9.3287486002402442e-06
7.669240329949481e-06 -7.679813525612744e-06 4.9474647784153447e-06
3.2546132756189339e-06 5.7254364649629574e-06 4.0251196957163948e-06
8.729079662223721e-06 1.9071069771659649e-05 5.6464544705564501e-06
-4.0210337526741524e-05 -1.2161739310879993e-05 2.7222983484349872e-05
2.8316682569293206e-05 -2.269500091138521e-05 -1.5081383840124737e-05
5.1571045640158575e-07 4.4569303152969253e-06 1.2846568968161599e-05
-8.7027059242038296e-06 2.919632382406348e-05 1.1985394536215277e-06
5.778000723753195e-07 -2.3985295960479148e-05 -2.8286701730939612e-06
6.4672532638373559e-06 1.8053443144087355e-05 2.7096569210627308e-06
-9.7959937285042184e-06 7.6531184727864207e-06 -5.2081871320852944e-06
5.5948140871677279e-06 -2.4187346958047529e-06 -1.9779359390348361e-06
-1.2532504956033795e-05 8.0584087843345309e-06 -3.7293720659423504e-07
-8.0099160283089894e-06 -5.0222956386033676e-06 -5.9751308860826486e-06
-3.3708075778693131e-06 -1.1678178411644174e-05 -3.35680501496044e-07
2.0470954532215285e-05 -2.4070873899583942e-06 -4.2813358622725319e-06
1.1358465659655091e-05 -4.6858110358157228e-06 -4.2725831869976517e-06
1.4123634988144097e-05 6.6363679468370296e-06 4.7821887544418143e-06
7.3914019098932082e-06 6.0662947741574411e-06 -8.29166041117161e-06
4.8848928166536221e-07 1.1768342048467742e-05 -6.628202720048923e-06
-1.1222909518382451e-07 -3.7078638925325258e-06 7.6363969422001306e-06
2.2662726249344633e-06 -1.7118402501044641e-06 1.1605104146927663e-05
3.4337215673498761e-07 -7.8936906805901139e-06 1.3288639784529797e-05
1.6086270769179005e-05 3.5210512414063366e-06 4.657083591319772e-06
-6.8899656904788248e-05 3.3753428946223241e-05 7.7272295656152096e-05
3.2117547788305945e-05 5.7774803554136445e-06 5.0318094818820047e-05
-3.4904319651668514e-06 -1.1964004179850635e-05 1.7267605525003032e-05
-9.3359324173801408e-06 7.8228488397009965e-06 3.2145455501750818e-05
2.9599708536965589e-07 1.2307355642775784e-05 8.6255563909454214e-06
-7.2292835142165335e-06 1.4965634925756532e-07 -5.7608956146870671e-06
3.277195839576641e-06 -1.612084740310743e-05 1.2022444687453948e-05
-5.3918021939228233e-07 1.5236869090506228e-05 -1.076950950223976e-05
-2.8883980060616377e-05 -6.2757326718815287e-06 7.7510987758595221e-06
1.1544550936222475e-07 -5.0091108740051189e-06 5.7230785977753279e-06
-6.6056107979051149e-06 -1.6446152192815464e-05 2.0159067865271191e-06
-2.4467171542327653e-05 1.0843301834832916e-05 -3.4870111724760062e-05
-2.7903986973554229e-06 9.6455597310557417e-06 1.5736297058616122e-06
-1.1401545334419299e-05 9.6419973181598173e-06 1.0221255221332386e-05
-1.809054099420615e-05 2.2881110613853783e-06 -2.7971483207822612e-05
-1.088603788411413e-05 -1.4459956016957959e-05 4.027687432996141e-06
-1.8719441465200755e-05 7.7251920247655831e-07 3.1143960678366796e-05
-1.0357485653506027e-05 -1.0604933986080312e-05 1.7775363202658309e-05
6.835187881151783e-06 -4.5964788885077823e-06 -8.6558005667480842e-06
-4.900702685057543e-06 1.661468164497522e-06 1.3302500748537012e-05
-7.3885864955020031e-06 9.4670654604816357e-06 2.3218415279996352e-06
5.6218303197837457e-06 -1.6009319990357598e-05 -8.7625673883794932e-06
-1.8432560720135771e-05 -6.810699856571456e-06 1.8140130565724721e-07
-6.4812074843821274e-06 -1.3536590376655739e-05 -1.2929891512889619e-05
-1.188019637387433e-05 2.8936770441323825e-05 -9.8577866085025612e-06
3.4557577357187424e-05 -2.2984640748115558e-06 1.7308711526621047e-06
2.6259249056442835e-06 8.5620988417682564e-06 -6.424994669395126e-07
-6.9685823648091456e-06 1.2078580342855805e-05 7.1582550001441099e-06
-2.2520225450741515e-06 1.4100551732433575e-05 -2.6962087438437733e-06
1.5673147371565374e-06 4.527268897857803e-06 8.5460257448697599e-06
-9.0536204376094609e-06 -5.0512713045149354e-06 -3.8620843701876598e-06
-7.7997140842840651e-06 1.2786362169170395e-05 4.0321651118002677e-07
-7.6886091430750092e-06 -5.7076914118875735e-06 8.0842123526825294e-06
8.1789212603988748e-07 2.9145524462828587e-06 -1.0301901607067537e-05
-7.4433504824034514e-06 2.2077590192447688e-05 1.1916712703514964e-05
-1.6700675174036173e-06 -4.7376594833753449e-06 2.1160686445788335e-05
-3.004973010311239e-06 -2.6386359414098948e-06 5.8743321253718062e-06
1.2172803472480969e-06 -4.9506177391658488e-06 1.3687375266551293e-07
3.2468104571685419e-05 -9.3693098508484951e-06 -5.2391622280129058e-06
-7.7444077867527827e-06 -1.1249930812751163e-06 2.2000904492669449e-07
-1.3709360729147096e-05 -5.8677173755700834e-09 -1.120790110779174e-06
2.6606270372361851e-06 5.6868845766944176e-06 -2.1207159755495808e-05
-5.2475304862867334e-06 3.5356552319232293e-07 -3.9851000787072266e-06
6.1516563245808675e-06 -2.144230245766654e-05 5.3030086249877817e-06
1.8292294750726912e-06 6.8514898728389007e-06 7.0734685054946178e-06
-8.192893355348646e-06 8.2580731990654355e-06 -3.2715244080148319e-06
6.8185525817499038e-06 1.7743114392541198e-06 1.0847238260669467e-05
2.354803378451256e-06 1.6937145852075064e-06 -7.8942742412629885e-06
-1.6956755773707009e-06 1.33699679763454e-05 -3.2667518911778243e-06
-1.0989666127223137e-05 1.07429036553798e-06 1.6624473532088346e-05
-3.3389054480584162e-06 -1.2667409103925276e-05 1.0644943098436777e-05
-1.5577328145166547e-06 -1.8490503678013706e-05 7.5973130474193962e-06
-1.0578041635682768e-05 -4.5544818825238309e-06 -8.979121464228483e-07
3.5019449108122935e-06 2.9079808524373751e-07 -6.7457708217053953e-06
-2.1222838806467855e-05 -6.7797666319837496e-07 -6.0832033131619223e-07
-1.679374323229621e-05 -7.8749283407807125e-06 -1.4425813305296575e-06
1.2111228234520238e-05 -7.0611257736372113e-06 -1.423815318871003e-05
-1.3603163518402955e-06 -1.5208848569021318e-06 6.3557040773237422e-06
-9.5267531560055962e-06 2.9086305650544153e-06 -3.9603114699582331e-06
-8.7867549339176731e-06 -1.1353388612939108e-05 1.0186355583231832e-05
-6.110241141593884e-06 8.3673861715245383e-06 -4.2891293027732267e-06
-1.9567206065496112e-05 -1.8117306719435226e-06 -1.5863549001633725e-05
1.2476107611195109e-05 -2.0097997063817097e-07 -8.5128163874034421e-06
4.927267415115151e-06 1.0081637711553347e-05 -1.4268671655582287e-05
9.3371293568836291e-06 -6.1447235669789032e-06 -9.3435560795808217e-06
6.297587507638619e-06 -2.5640581048117991e-06 1.8881567155908281e-06
-9.0768925681790954e-06 2.3229419117525019e-06 -2.3891631146919293e-05
2.2615697311021997e-06 6.2015668459504446e-06 -2.6217660820710038e-06
-3.5161213482043374e-06 1.3267146970766253e-05 2.5558887958299081e-06
-8.1110554446539584e-07 -1.2007382149488779e-05 1.1904725929004489e-05
3.7336702232854124e-06 1.6927506687414162e-05 -2.7994704582604002e-06
3.8997828490303088e-06 5.0097167765550399e-06 -6.3791135865309393e-06
9.3082412015166316e-06 1.704589445703994e-06 1.2919383054615929e-06
-1.4926562310916104e-05 5.2443107655978857e-06 -2.0260676493466523e-07
-6.7099272120299536e-06 1.2194767629203351e-05 -1.8109630967821921e-05
-4.3303838617537957e-06 1.1277407635859743e-05 -4.1638448813607898e-06
-6.4129059205754457e-06 1.6270144788936569e-05 -1.0549635923173817e-06
8.3781025774672113e-06 -6.4823584138579832e-06 -5.4717842337401786e-06
1.8042254007477609e-07 -1.8251360897891811e-06 -7.9358721968847412e-07
-4.317947789517218e-06 -1.2239071931624546e-05 -1.0289343415417762e-05
-8.4488070010922323e-07 -1.5495173160437296e-06 2.1334326463853803e-06
-5.0615858257146092e-06 -6.7530849252506811e-07 8.1722758844810104e-06
1.1337328682782533e-05 6.9680422125767416e-06 8.7055736597840827e-06
1.9182984657521718e-06 5.1680313759641661e-06 -1.5485047805713359e-05
3.4276899218906352e-06 -1.8559194719820867e-06 -1.3369604078938835e-05
-1.182479457614849e-05 1.960800170897059e-06 -1.6022332984498566e-05
1.7057667975303118e-05 -1.8617260269526703e-07 4.3425894844300802e-06
1.0627287750794578e-05 4.4138146759742369e-07 -2.0088190795033989e-06
-1.9631002318772767e-06 2.0415287269037741e-06 -2.7554632609271337e-06
7.5891168494057054e-06 1.801195524240521e-06 4.4153218729138787e-06
1.6777273898066491e-06 9.7276753477926192e-06 -8.1687381847800333e-06
4.8781334840153345e-06 4.4811484526396939e-06 -7.5635177475275039e-07
8.2229775687503448e-06 -3.0248382410641428e-06 8.5969765297733147e-06
7.4562334753669468e-06 1.8906356057946105e-06 -4.0586166237394083e-06
8.9180291671606301e-06 1.8425773047170328e-05 1.0426205813376278e-05
4.6072105240532735e-06 -3.8097875308899104e-06 3.1472592793846399e-06
1.4049427367024067e-05 5.2905042678685898e-07 -6.5309087429188395e-06
7.8409699598019911e-06 1.2606117231334091e-06 -8.1096084248583056e-06
-8.340975635914849e-06 -8.7025924275369038e-06 -2.3832172083043668e-05
6.4375792546422783e-06 1.2808527932124669e-05 1.1287122686637341e-06
1.1950767494281046e-05 1.861543383803895e-05 1.3723186166285401e-05
1.7420766260781317e-05 -1.0424982060330823e-05 1.1901287338246817e-05
-1.433055596029853e-06 8.3244767815071619e-08 1.6702828971527223e-05
-2.6633475338575657e-06 6.3057136757554977e-06 2.763122154919237e-06
6.0527529594193313e-06 -6.4732768962018263e-06 -1.5629404221198792e-05
8.6895371356754403e-06 7.8951090319995254e-06 1.5604878078889772e-06
1.1459852161554984e-05 1.2811066045434472e-05 1.8933730478567015e-06
-9.8344278137395269e-06 -6.5444217491350022e-06 2.750420808073778e-05
1.3179729904506678e-05 -2.8109139017448714e-07 -2.0733987681140209e-06
7.1507658284675202e-06 -1.5157447019603643e-05 -4.2539368792357188e-06
6.9759726891926934e-08 -8.6530278189944632e-06 -1.851593914111864e-05
-1.5887525582347628e-06 1.4040413987018163e-05 -3.7432264395793891e-06
4.1759361706084075e-06 2.6255653855500327e-06 1.0831584577810846e-05
1.421827736809711e-05 -1.552678899283122e-05 5.9686251422594316e-06
-1.3533339172061565e-05 -4.6746104281070178e-06 -4.6213016737245297e-06
1.2800289319978009e-05 1.2968565178961278e-06 1.882871472511094e-05
1.0118677206127913e-06 -2.2428370494986805e-06 2.1896026960510628e-05
-8.6657079843462104e-06 -5.8450576645423941e-06 1.8124191100560294e-05
-5.155239059265182e-06 -1.9462289312086045e-05 5.7843608355784282e-06
6.7369769107469835e-07 5.4174602569651009e-06 1.0184407595231759e-05
-6.2892133014177953e-06 1.1635624255981617e-06 -6.7333410943197047e-06
-8.9094879029416596e-06 -3.3194758007669065e-05 5.1238177675707805e-06
1.2390075589542582e-05 1.0115350297240644e-05 -4.3642183307163272e-06
2.0489065353234305e-05 1.9267087222139129e-06 6.9992938940062572e-06
6.7823732392419123e-06 -6.4660050822749893e-06 1.3903486980063051e-05
-1.7346175892163362e-05 3.1145704047691458e-05 1.2255563771987208e-05
-8.7970164621931866e-06 -1.5167950519018108e-05 2.0197146674560962e-07
1.7073945343695079e-05 1.8627806311004302e-05 2.6423048087448331e-06
4.319301961806212e-06 -1.0236399034347392e-05 4.1292395069891796e-07
-1.3444390063885357e-06 -2.575330368358858e-05 4.7540682006769197e-06
1.0870645838489956e-06 3.0626149428447658e-06 -3.9127513947884163e-06
-2.0217011658898998e-05 -1.3130954901449665e-05 -6.5519445263811926e-06
-1.5235391549485521e-05 -9.4624883401102219e-06 1.5269149942377771e-05
-6.4433120300494418e-06 7.7777529169653636e-06 1.5621070654836533e-05
5.580745683481797e-06 6.1176228135784161e-06 2.3267393408948565e-06
-9.987657005925607e-06 2.23601257328984e-05 1.8709350079502279e-05
-2.3305763318657896e-06 4.9528264915900269e-06 -2.7971176602544119e-05
-4.1714592685306202e-06 -7.1231903708227767e-07 -2.0270273445283527e-05
-3.4828451347876377e-06 2.0604711388989838e-05 -1.7644483451545109e-05
-6.386863504920931e-06 -1.0273222432945206e-05 -1.505920472547051e-05
-2.2730116157609892e-05 1.6786281350995857e-05 2.0052072808292978e-05
-6.0156644104251717e-06 1.2930114911711643e-05 -5.2299781970743808e-06
-3.9035234636330962e-06 -9.7004975251058223e-07 -9.0309739682603585e-06
2.4601606278262325e-06 1.1411880833450947e-05 1.1839410292384404e-05
-2.1118723294945296e-05 1.8995035651336867e-06 -5.938915316139326e-06
-4.702552535154237e-06 -1.2430916721675456e-05 5.5238349181743543e-06
6.2252329245685023e-05 -2.5880465998884272e-06 -2.8055851697461609e-05
-2.1729722498028264e-05 -1.9074291539758481e-05 -2.0303110658302995e-05
