3.2997607864120038e-05 -1.9164932479220909e-05 8.3236953446587728e-06
-2.0334463231858253e-05 1.1710561817464358e-05 1.7063654588767192e-05
-2.7408768630865802e-07 4.6730982487634687e-07 -1.6507475829622906e-06
-2.0338050105577193e-05 1.1740479178908459e-05 1.6959025389754086e-05
-5.2950560570924491e-07 3.791250676246638e-09 1.4388109083303749e-06
3.3034626210967991e-05 -1.8977504700035119e-05 8.2632220557545336e-06
-2.0384750615857474e-05 1.1693878275773843e-05 1.7086870380334136e-05
-4.5047359706291762e-07 2.5184441892252968e-07 -1.4849068476789282e-06
3.2896801043402757e-05 -1.9059592225256772e-05 8.3159425443681337e-06
-2.036385162055822e-05 1.1768200907794849e-05 1.7158606132492045e-05
-2.0215239746382545e-07 1.1869421989284951e-07 -9.0468716079910444e-07
3.284979147577527e-05 -1.8898773401332392e-05 8.2918462665617157e-06
-3.3068704246108182e-06 2.1407050410926498e-06 4.0916549718729954e-05
-2.7219892224236643e-07 -5.4398145580892058e-06 -2.4116555386436735e-05
-1.2891131407203758e-05 7.235945165029109e-06 -3.2034011278631903e-05
-1.2753814543822208e-05 7.6283193007247244e-06 -3.2088373178224862e-05
-3.0018925936769027e-06 1.5279994945854858e-06 4.0318492985260378e-05
3.9191006544758711e-06 3.3523088988837713e-06 -2.1577747990151643e-05
-3.2985812678971993e-06 2.4734086869291488e-06 4.0870865569263108e-05
6.1199369784460303e-06 -4.3060754766761065e-06 -2.252649945668015e-05
-1.2613955600012446e-05 7.231198503850414e-06 -3.2107671488424729e-05
-3.588094648931115e-06 1.5134506618922142e-06 3.9486129161172244e-05
1.8992130093895221e-06 -3.5453713325751292e-07 -2.1996667136412774e-05
-1.2765908425283433e-05 7.4318384169708498e-06 -3.2048983730694793e-05
