2.9997449689664335e-05 -1.7330845246285587e-05 7.0586081577506121e-06
-1.7662872275953393e-05 1.0209302985802853e-05 3.3149273204323426e-05
-2.2642584556012988e-07 4.0793729269572587e-07 1.1954003438931216e-05
-1.7486342856046981e-05 1.0111731334819241e-05 3.3300019115833912e-05
-3.3444939445480921e-07 -5.8166669994474951e-08 7.7528239474586313e-06
2.992341160422754e-05 -1.7299895228473083e-05 6.7837019443184321e-06
-1.7359318129204181e-05 1.0362619590829035e-05 3.2712844855134482e-05
-1.5508737013001208e-07 2.2014609730568874e-07 1.1695694177180083e-05
2.9813991983373977e-05 -1.7247389414887238e-05 6.8190465531969835e-06
-1.7594969305449986e-05 9.9553604172974292e-06 3.3285383422454462e-05
-6.1536744184456302e-09 -1.068450271148394e-07 1.0627166781372599e-05
2.9880898603451556e-05 -1.7180529309990256e-05 6.9729698863041367e-06
-2.3387361472823501e-06 9.6881575502305584e-07 -3.0466796187678113e-05
2.3795423548159908e-06 -5.2080478860606037e-06 1.1251410128393369e-05
-1.525073989079508e-05 8.705154468460069e-06 2.0675249627559456e-05
-1.5212971888693997e-05 8.6911611180059967e-06 2.0539751841630594e-05
-2.6454124741194887e-06 1.8713864165104122e-06 -3.0089407945688151e-05
5.2382477951362638e-06 8.2345798484845245e-07 7.5328286735232286e-06
-2.3288019791238524e-06 6.2323559648583965e-07 -3.00589427948382e-05
6.8315097018441159e-06 -4.4551113296186981e-06 8.456687578012323e-06
-1.534577853749044e-05 8.7963604500371564e-06 2.0578686902444909e-05
-2.0478326164275482e-06 1.8810655828178403e-06 -3.0277965815894703e-05
3.8715370980931234e-06 -1.7473042236440745e-06 7.6092504314173581e-06
-1.5331804522074224e-05 8.8836407888303118e-06 2.0826335073359514e-05
