3.0779593227711621e-06 -2.103123903545237e-09 -4.3414754316114211e-05
-2.898991877585042e-06 -5.0641789720029529e-10 1.9741052233085248e-05
3.0229658243559701e-06 -9.7365546666838831e-09 -5.3564070299493526e-05
-3.2421978655907541e-06 -6.041618434704521e-09 7.7383494564688994e-05
3.0678330398201115e-06 -7.1772189808114867e-09 -5.3538267496031945e-05
-3.2403708921983042e-06 -1.9236182068071723e-09 7.7393774870510891e-05
-2.902963608005394e-06 -3.8168170130478923e-09 1.9749473255646806e-05
3.0176864928357916e-06 -8.1064872568554353e-09 -5.3573214130340531e-05
-3.2939702979302432e-06 -1.9761503531647018e-09 7.7343260399057902e-05
-2.8902995483769556e-06 -3.0821066532293884e-10 1.9764204731377057e-05
3.1619839964877041e-06 1.6285416326567402e-09 -4.336362100262111e-05
-2.9102263864049134e-06 -7.2970367654659647e-09 1.9784346498891332e-05
3.1332680000207202e-06 1.1490695381148348e-09 -4.3358183163664209e-05
-3.2998973239690456e-06 -6.0545128405167098e-10 7.7332362515323584e-05
3.0775157044901635e-06 -1.2229642330297344e-09 -5.3599852501092816e-05
3.0331195549210266e-06 -4.5931460645407809e-09 -5.3565064373153719e-05
-3.2875400259052166e-06 2.2456767621143424e-09 7.7343942399076861e-05
-2.8871620588738088e-06 -4.6422216727826831e-11 1.9771366268620492e-05
3.158180733375815e-06 -4.3722008945441555e-09 -4.3356090084287723e-05
-2.9085022885245277e-06 6.1124182299742921e-09 1.9803392943141228e-05
3.133206538577472e-06 -1.0773849763723309e-09 -4.3348875396197716e-05
-3.2962591869083353e-06 -1.291006256759486e-09 7.7339917659358277e-05
3.0945838186248811e-06 1.282683622814626e-08 -5.3603824746363375e-05
3.0717390688359686e-06 7.2960157602997011e-09 -5.3541084024703693e-05
-3.241956067538904e-06 4.5704860490887456e-10 7.739198514535809e-05
-2.9050829164246894e-06 1.6773965091270229e-09 1.9752252058898544e-05
3.0962391811536821e-06 -3.1395467640568664e-09 -4.3359483870740977e-05
-2.8994104045235169e-06 -1.1030435154678331e-09 1.9745768325188894e-05
3.0734361340101213e-06 -1.6444995143199623e-10 -4.3410513572704999e-05
-3.2413686097305938e-06 7.0171856214444345e-09 7.7380212784181925e-05
3.0263430272099029e-06 2.1016255997204775e-08 -5.3562660050376389e-05
3.1006570071672249e-06 4.6857491580690625e-09 -4.3358727369778409e-05
