4.012432162536772e-05 -2.3603429691321232e-05 0.00014476135962515624
3.9802037951452984e-05 -2.3482893227622093e-05 0.00014420406247703244
3.9869681738358143e-05 -2.3505352050534611e-05 0.00014430172322044132
4.0091266226852107e-05 -2.3664545172219498e-05 0.00014483767636780387
-1.6421031136926883e-05 9.4513436227893497e-06 3.4017370520222912e-05
-1.5438897891159451e-05 8.8768395762328645e-06 3.3405182945096812e-05
-1.5308087408461013e-05 8.9955981865674772e-06 3.3902548313591296e-05
-1.6206214329134898e-05 9.5364756499960457e-06 3.43969351448703e-05
-1.224627480412438e-06 1.119795564247239e-06 -3.3737642225979692e-05
-1.6742477744457747e-06 1.9946100534093273e-06 -3.3672409060853115e-05
-9.5341188392566393e-07 1.7102463577198506e-06 -3.5008443904492592e-05
-5.5087314118629216e-07 2.1717834142176429e-06 -3.407517331327492e-05
-1.6264971004118303e-05 9.0134803334778434e-06 3.3330002821282956e-05
-1.7244139813209539e-05 9.8121079026014524e-06 3.3700390198246333e-05
-1.6925143095657304e-05 9.7206997742185601e-06 3.3742215858043045e-05
-1.5997247541866118e-05 9.4631273173939601e-06 3.3056982886338349e-05
-3.535833833349548e-06 1.1545117100006082e-06 -3.3614926978842163e-05
-3.1649661580031286e-06 6.8280854223729068e-07 -3.2536030437041452e-05
-3.3097658188735446e-06 7.7240724788429915e-07 -3.4351598576738696e-05
-3.7662563767809068e-06 8.526122408620369e-07 -3.4178619627844853e-05
4.195202235202089e-05 -2.3878710868618924e-05 0.000142771583004353
4.2239969715487935e-05 -2.4010346547392869e-05 0.00014329619831610074
4.2235937976628501e-05 -2.4073623936970989e-05 0.00014346208654286707
4.1998819891502469e-05 -2.387854705120752e-05 0.00014290886409473735
-1.6628776129803144e-05 9.8360573135219216e-06 3.6807737142263708e-05
-1.6811256658866292e-05 1.0004511486416678e-05 3.6181070195429044e-05
-1.6508368878298253e-05 1.0113302766221344e-05 3.6200584039400296e-05
-1.642859741795419e-05 9.9840288400609729e-06 3.6679711369544399e-05
-9.6468025704655254e-06 3.5506027209366957e-06 -3.4339135032396273e-05
-9.2306013371222322e-06 3.8778841107733105e-06 -3.33518779668876e-05
-9.4601881460570914e-06 3.0747544951387207e-06 -3.5146557809527523e-05
-9.8272255753401039e-06 4.0888312747566768e-06 -3.505472920938002e-05
4.5586142266011709e-05 -2.3925297248317268e-05 0.00014374146932488729
4.646871385904916e-05 -2.4411577236760351e-05 0.00014376158954712559
4.6406265535377245e-05 -2.4367414382664432e-05 0.00014394289104760483
4.5624547350875747e-05 -2.3906030005382481e-05 0.0001438520983973457
-1.6834283641159735e-05 9.1244665873028681e-06 3.7706462488941439e-05
-1.7026769609428984e-05 9.4487976512735994e-06 3.6965020779655688e-05
-1.6861767974738205e-05 9.2589604766083475e-06 3.7604092477522277e-05
-1.6635279784742309e-05 9.4809685995955739e-06 3.8020819097928094e-05
-7.6571654413265977e-06 5.882356304397901e-06 -3.4357238533587464e-05
-7.1228246043946722e-06 5.5020708421686139e-06 -3.3468923847194965e-05
-6.4603840824319992e-06 6.1546446976917931e-06 -3.4664778101239913e-05
-6.9057383448682935e-06 6.10841886911637e-06 -3.4444531377866849e-05
4.3248537171414192e-05 -2.7361326004560205e-05 0.00014377282480743103
4.4046304756620823e-05 -2.7801396094296726e-05 0.00014379385047152971
4.4051436846409553e-05 -2.780167324445415e-05 0.00014389939898656889
4.3189603917637154e-05 -2.7270890402303349e-05 0.00014380598522525934
-6.0023606708314858e-06 2.8940937015775603e-06 -4.4801645846526128e-05
-6.7354972829121776e-06 3.6368011706866543e-06 -4.5104555198842433e-05
-6.3855081706209538e-06 3.4487170553988613e-06 -4.5027720756429801e-05
-5.7420991481831399e-06 3.4576638010541672e-06 -4.4691714658384035e-05
2.4518515030671524e-05 -3.2364284932598786e-05 -2.0368955374355791e-05
2.4805762975168427e-05 -3.2554508252603809e-05 -2.057273300204443e-05
2.4642180721800276e-05 -3.2580325663567175e-05 -1.8645231208036517e-05
2.4286195492441141e-05 -3.2406195514964449e-05 -1.9355176963137266e-05
-1.3124227546840465e-05 7.2979975859037167e-06 -5.1408468819250097e-05
-1.3331986404887592e-05 7.2904816941580511e-06 -5.1741754246617533e-05
-1.3602607519986259e-05 7.2478667470497228e-06 -5.223557592044098e-05
-1.3275962332383713e-05 7.0203544610365287e-06 -5.1446115797298964e-05
-1.3141438347706591e-05 8.0431071062900955e-06 -4.9901485134923318e-05
-1.2862614517609311e-05 7.9613232618069851e-06 -4.953650922998043e-05
-1.2800335163376531e-05 7.9855201686740429e-06 -4.9104159750665288e-05
-1.2969251268868387e-05 8.2425491584551397e-06 -4.9692072935203502e-05
-5.6506423317947431e-06 3.9508250110164948e-06 -3.9788895008108227e-05
-4.989400326532072e-06 3.4509335303800626e-06 -3.8829469144907591e-05
-5.7389724146261756e-06 3.1734175337527759e-06 -4.0469668539433457e-05
-6.3110255679486383e-06 3.4427637453093851e-06 -4.012753637727684e-05
6.8719186495731202e-05 -2.1295686451987001e-05 -2.1104911005348503e-05
6.8349863989631296e-05 -2.0540226402045864e-05 -2.176835303310809e-05
6.7943152722730021e-05 -2.1269254289212058e-05 -2.0373761507375132e-05
6.8204800134780575e-05 -2.0876657894507069e-05 -2.0818367565150764e-05
-5.3581311406946156e-06 3.6248753504540456e-06 -3.1301671783445784e-05
-5.9062106815475869e-06 4.179652275226875e-06 -3.1254385251592437e-05
-6.610534950043565e-06 3.4497086818591682e-06 -3.231584638951901e-05
-5.9713392999545208e-06 3.5802131466700082e-06 -3.2403270318271532e-05
-2.3262986161819653e-05 4.601169639044736e-05 -2.0445333230784124e-05
-2.3472901186771117e-05 4.6106273338647691e-05 -2.144381794341732e-05
-2.3881878165012181e-05 4.5834586553673059e-05 -2.0326826782629537e-05
-2.3633328324791192e-05 4.5709286501594698e-05 -2.0200966231093131e-05
-1.4533040559327819e-05 9.2595647602524127e-06 -5.1292219634735403e-05
-1.5910244886119251e-05 1.0019849268710912e-05 -5.1124889017949149e-05
-1.5659815230412535e-05 1.0167821887652065e-05 -5.1030232849830215e-05
-1.4374274149631106e-05 9.2397118638398723e-06 -5.075300749500522e-05
-6.3465319113430521e-06 3.1660971560868627e-06 -3.5005572578850064e-05
-6.8935779875591301e-06 3.4949032925446488e-06 -3.43489877869807e-05
-6.4301070769152372e-06 3.7994138557659232e-06 -3.4959053195740553e-05
-5.9880583421767497e-06 3.29226975109842e-06 -3.4345951770653471e-05
-6.7674191661908447e-05 6.4588463152821283e-06 -2.0602259973495629e-05
-6.7840251206932779e-05 7.1578893911697673e-06 -2.1813985444069095e-05
-6.798898017676877e-05 6.4362675668825677e-06 -1.9661664160064429e-05
-6.774501544704048e-05 6.8522039303325899e-06 -1.9534328199594109e-05
-1.5443244055619295e-05 8.1217240307686475e-06 -5.0624452115496932e-05
-1.6873388895249729e-05 8.8896520059499788e-06 -5.0752994562051901e-05
-1.7145009107933577e-05 8.7319093802218362e-06 -5.0933732677699295e-05
-1.5808151461845909e-05 8.0401961958243007e-06 -5.0991346905407409e-05
