7.1847525100754428e-06 1.7189123263866915e-10 -0.00081619378549641249
0.0004453611739466517 -5.7644046480564981e-10 -0.0019245477955860454
-0.00036001533221907255 -1.2635419793793901e-10 0.0022135085552147989
-3.9155065390931304e-05 4.9333003827867206e-10 0.00049363142595077424
0.00037669873338096318 3.1901992944446912e-10 0.0023079186273245785
1.8300179596756369e-05 9.500258907465739e-11 0.0016739209100715812
-0.00041804004947371739 -8.178274762523567e-10 -0.002095797521987837
-2.1565294067953772e-05 6.4643615032172622e-05 0.0022863785276160797
0.00035640614049672686 -0.00017713182968581991 0.0011348790247177176
-0.00014933924959562481 -5.9065982802967987e-06 -0.0017197288191535603
0.00023543631644545323 2.5019273818337184e-05 -0.0024000092886820677
0.00019600022106254673 0.00012289736055546598 -0.0022888792553276815
-0.00011456952506834093 0.0001172621781397307 -0.0024165199580745752
-0.0005035532054555379 -5.3968494792219941e-05 0.0012724359865529718
0.00016575552678666351 0.00020123173886370344 0.0014232405840390056
-2.156557684028634e-05 -6.4643680836296924e-05 0.0022863785021784207
0.00035640592346660241 0.00017713200467657229 0.0011348790097768149
-0.00014933869365614527 5.907003613212251e-06 -0.0017197284488384415
0.00023543554548142651 -2.5019350141078633e-05 -0.0024000094865448008
0.00019600062195758769 -0.00012289725715083509 -0.0022888797308146989
-0.00011456969738718589 -0.00011726229805148603 -0.0024165203618799255
-0.00050355345694672699 5.3968959784621295e-05 0.0012724370709165846
0.00016575524274216324 -0.00020123126867055852 0.0014232400619034399
3.0934529954425218e-05 -1.0450064771849732e-10 0.0022734448991097323
0.00021233788164442776 -1.571703719320354e-10 0.0016531760676393118
-0.00039025863718670974 4.9210394447400793e-10 -0.0022269053238925703
-0.00029279376621742909 -3.2869205274232982e-10 -0.0040335532783012887
0.00026956202699418005 2.5048614311212747e-10 -0.0018241891404678825
0.00011850674957505566 -2.3559962878186291e-10 -0.00098316710238201439
3.0267764435045158e-05 -4.0473080442637865e-10 0.00079337479078187521
-0.00032841422117926822 -2.7601758357219397e-10 0.0014663407728997026
-1.2412771705109377e-05 4.388932329547901e-10 0.0074697278028454002
2.7902083648458973e-06 1.2616920440937044e-08 -0.0010227694452968738
