9.624025921542434e-06 -2.6070053152924336e-11 -0.0012494870370864317
-2.1083519350100931e-06 1.8056636394425674e-10 -0.002230025850379156
1.5146156368002592e-06 2.5746546214455712e-10 0.002383174531299305
-8.9646299443815747e-06 5.8617027898222318e-11 0.0010956177218976876
1.4976270281655442e-06 -6.613277980793697e-11 0.0023831582945102493
-8.9701670060100044e-06 -1.6363118959849057e-10 0.0010956363896747062
-2.1101834413749833e-06 -1.3176509090202608e-10 -0.002230034093537097
1.596418979466982e-06 -7.2288910534651363e-11 0.0023833372677641088
-8.9748749459543642e-06 2.4363054455800448e-10 0.0010956996743270477
-2.1896576838735776e-06 -2.495203453578565e-10 -0.0022301873462686958
9.4921917323727593e-06 -4.7272272522217579e-10 -0.0012495559934654309
-2.2959192574717696e-06 -9.9701797156982025e-11 -0.002230167412249788
9.5389170914447936e-06 -9.6705182360198871e-10 -0.0012495344970236723
-8.9389580248909733e-06 -8.2594623818815251e-10 0.0010956749177633007
1.6732091461888615e-06 -1.1578879370068018e-10 0.0023833211067981856
1.5969916850218369e-06 1.3031666435893332e-10 0.0023833363836808091
-8.9740477188240356e-06 -3.9520042362868775e-10 0.001095700669102119
-2.1893328598972402e-06 2.9000418005673098e-10 -0.0022301877893537402
9.4917699409689804e-06 4.0806825353143471e-10 -0.0012495559534429317
-2.2961965359475571e-06 -1.2440062447906719e-10 -0.002230167147642341
9.5390546265720693e-06 9.4590759877610786e-10 -0.001249535363231101
-8.9389946715038009e-06 -4.8151622272785133e-10 0.0010956755354603782
1.6737157130597771e-06 4.3368010831795756e-10 0.0023833207636913233
1.4965508303517905e-06 5.5546625285507467e-10 0.0023831578712927223
-8.9698475236837764e-06 5.6013762963873226e-10 0.0010956366849363686
-2.1101115572461256e-06 -7.1666596919081615e-11 -0.0022300331242656249
9.6172689220548309e-06 -6.2588648326589169e-10 -0.0012494837286360638
-2.1087933672234399e-06 1.0559625656519911e-10 -0.0022300262846950865
9.6238618214825045e-06 1.5115466162258541e-10 -0.0012494887344769515
-8.9646476217550286e-06 8.1343374906932969e-11 0.0010956173914942191
1.5144283232240425e-06 -3.728355331715158e-10 0.0023831747788092966
9.6164002219723682e-06 7.0800071664753328e-10 -0.0012494854120993631
