9.7769293001814805e-07 2.8033518097267569e-08 -4.3264852011566657e-05
-1.0754920456736139e-06 5.4428193469596708e-08 9.5555146348904338e-05
9.9747450881389156e-07 9.6999455228424791e-08 -5.2639518570077879e-05
-7.5733406654579505e-07 8.3911826005006462e-08 -6.7216004152881315e-07
9.8597216985135336e-07 3.0737682049381682e-08 -5.274546028551574e-05
-7.5298192597653222e-07 6.3744801070524928e-08 -6.8623906904208276e-07
-1.1050428831644102e-06 -6.0649063075424571e-08 9.5511841597027258e-05
8.2614237129075008e-07 -1.2148815917460351e-08 -5.2723061308873956e-05
-7.5099880399859265e-07 7.2968058789646406e-08 -6.7607676045022824e-07
-1.0012256172282821e-06 -1.86382470568347e-08 9.5653608846726738e-05
9.761342027264858e-07 8.3660658730392223e-08 -4.3157184691840211e-05
-1.043570473177591e-06 -1.5522341535360125e-09 9.56597308171994e-05
9.9070537625922227e-07 2.3657796603275593e-08 -4.3217003994483472e-05
-7.5948433907180313e-07 8.0599887126802348e-08 -7.2540581850730201e-07
7.8513987465667068e-07 -7.6299290135403491e-08 -5.2701722047617059e-05
7.5168276127135503e-07 9.7260894984350249e-09 -5.2718529603643701e-05
-8.3652317088502189e-07 -7.2720832900119393e-08 -7.3529358387419697e-07
-9.912902314429279e-07 2.0295972214791293e-08 9.5533370740011466e-05
9.3436074815808623e-07 -8.4919518219915687e-08 -4.3171513160703001e-05
-1.0464607329048069e-06 2.8523060459820335e-09 9.559177994446005e-05
9.7932432332862879e-07 -2.4965116935532494e-08 -4.3273911326399683e-05
-8.4713652935433734e-07 -7.7140459828900498e-08 -7.1344413478391377e-07
7.1694498196116924e-07 7.7207227841893933e-08 -5.2793365930678101e-05
1.0364138204779338e-06 -3.0967544535631664e-08 -5.2814759015316947e-05
-8.4287073241263478e-07 -6.5168073466325034e-08 -6.9481753283209824e-07
-1.0877327812166583e-06 5.9366402073240086e-08 9.5465311799764266e-05
9.0996156622670868e-07 -1.5795101829339103e-08 -4.3262204650271197e-05
-1.0661989919618579e-06 -5.5809166852553022e-08 9.5548054221576868e-05
9.222567143758742e-07 -2.6596652089716901e-08 -4.3242345556273459e-05
-8.4219487440223562e-07 -8.6439450526422813e-08 -6.7139067812596598e-07
1.0596371198942818e-06 -9.5818690660923536e-08 -5.2640064139497598e-05
9.7265253705012752e-07 1.9583389337517621e-08 -4.3312060344771058e-05
