9.6184312385651227e-06 1.5420481211392278e-10 -0.0011392733124178473
-1.1642840370531052e-06 -1.6088848810505429e-08 -0.0022779456545489055
9.5163064684194304e-07 2.6344000609440643e-09 0.002336281807152534
-9.3384000950449964e-06 1.0560571115508788e-09 0.0010806600340553191
9.3547111266542994e-07 6.3588252993775332e-08 0.0023362646565739361
-9.3466266957303867e-06 2.8721006614662592e-09 0.0010806761010511605
-1.1688494932159371e-06 1.456644218915756e-08 -0.0022779560637808879
9.0722542431416735e-07 -3.5774367626593067e-09 0.0023362881693277772
-9.4028574303163526e-06 2.408568639672426e-10 0.0010806811070132117
-1.1227994193383373e-06 1.5387001118231884e-08 -0.0022779525267997156
9.5426611957010257e-06 5.555369989170781e-10 -0.0011392815384202995
-1.2228034365245816e-06 -6.3686566063599992e-08 -0.0022779341374777979
9.5915936418680681e-06 -3.911241534641785e-10 -0.0011392610901224389
-9.3736730943354968e-06 1.0911981219866376e-10 0.0010806581664639979
9.825533794651745e-07 -3.5318136354264796e-10 0.0023362771876854318
9.0757741318868391e-07 -6.4014069445725511e-08 0.0023362887039307502
-9.4032767261713335e-06 -2.0199247642896899e-10 0.0010806810561374948
-1.1219630225572659e-06 -2.2310221430841932e-08 -0.0022779517460283791
9.5420266266708909e-06 -4.2184127575068363e-10 -0.0011392818690235838
-1.2219189676009978e-06 6.3674447173449556e-08 -0.0022779343364631626
9.591133578158717e-06 3.2737045794475547e-10 -0.00113926054316429
-9.3743260032043939e-06 -5.9559185708324414e-11 0.001080658851396619
9.8321939318853991e-07 6.3893372096376707e-08 0.0023362767387254567
9.3531642889735692e-07 -6.3652198314456267e-08 0.0023362641133572509
-9.3468542631744422e-06 2.8089298899011683e-10 0.0010806761457121334
-1.1685538090930802e-06 -1.4568203463855356e-08 -0.0022779559198783531
9.6105363659275411e-06 -7.8678188790426429e-10 -0.0011392698000592593
-1.1640880608931089e-06 1.6011955546180179e-08 -0.002277946007163475
9.6178378342255677e-06 -6.0926675163330835e-11 -0.001139273463922493
-9.3384858842159024e-06 -1.2489523911612954e-09 0.0010806601328976978
9.5168739569983455e-07 6.4584664557092343e-08 0.0023362828029189703
9.6106516974947542e-06 7.8870577777112594e-10 -0.0011392700071515402
