8.5704579016673832e-07 1.3552092358037893e-08 4.437541362280889e-05
-1.2428899740468636e-06 -2.5946158475204095e-08 1.8608578718222468e-05
9.3743322089132465e-07 -1.6196174533467111e-08 -6.3310833626675084e-05
-8.0559981723016261e-07 -1.1443219306156438e-08 1.2833612909081415e-06
9.8112181409152482e-07 6.0759248654475989e-08 -6.3236260243588333e-05
-9.6356914060908259e-07 -2.0138406530746406e-08 1.496466078637626e-06
-5.8727460980996168e-07 6.0053207380436217e-08 1.8582014078109832e-05
1.3884091967057699e-06 4.1530435377582636e-08 -6.3170769104854002e-05
-9.243127118974126e-07 3.1631907748512489e-09 1.1826332740397238e-06
-1.0628653908871218e-06 -1.7093654984534634e-08 1.8443148790237007e-05
8.0989360108933619e-07 -1.6726402479868771e-08 4.4462489588184551e-05
-9.9765916060438583e-07 7.9010484063504521e-09 1.8591877513820382e-05
7.969950247491836e-07 -2.7106260611873276e-08 4.4298041488390755e-05
-7.7143470847450876e-07 -7.3158407079727816e-09 1.4280122218254809e-06
9.5152896341377247e-07 5.1123550859413509e-08 -6.3338868491885636e-05
1.3699934761357557e-06 -4.7554757163337886e-08 -6.3225659817433416e-05
-9.1177572778748488e-07 -3.2089089920949061e-09 1.1881425857479533e-06
-1.082639181594115e-06 1.3684718407706831e-08 1.8468562344532702e-05
8.0439157663231287e-07 1.4653210753557289e-08 4.4436614668429131e-05
-1.010501282695548e-06 -8.2572417089155363e-09 1.8550632092544095e-05
7.8175395282610669e-07 2.5135787267566156e-08 4.4291476575225586e-05
-7.4676984428687955e-07 6.023458901799339e-09 1.4099154513266821e-06
9.2845947452383296e-07 -5.1956071814643345e-08 -6.332421111299863e-05
9.3042851543126154e-07 -5.8470767283491654e-08 -6.3249875836352693e-05
-9.7156690500406137e-07 2.1955384614199581e-08 1.4972927619844034e-06
-6.0096495264373717e-07 -5.6035392933606945e-08 1.8561438518398948e-05
7.2351826018487563e-07 -7.942279624337939e-09 4.4276526188075094e-05
-1.2324963205272567e-06 2.6115756793232414e-08 1.8572695811930329e-05
8.7718634082453728e-07 -1.1007670414417284e-08 4.4350632699505926e-05
-8.0116880694924841e-07 9.4849705579405814e-09 1.2759135991843862e-06
8.6806023329448652e-07 2.0406429396529341e-08 -6.3305580710607684e-05
6.9857665649548928e-07 1.0374863266995708e-08 4.4302114910382828e-05
