4.1412348696479029e-05 -2.5110680348786052e-05 4.4366364540304737e-05
3.8044157177452576e-05 -2.2244853085884309e-05 4.5521445526219839e-05
3.8206129941320555e-05 -2.2229667259399122e-05 4.5574972925455093e-05
4.224944207596032e-05 -2.370892680736425e-05 4.4342220401283328e-05
-1.4450244913390782e-05 8.6437737663685966e-06 -6.7614747842892342e-06
-1.6488809843763849e-05 9.5013891238115988e-06 -1.0570141687177292e-05
-1.6721954983922593e-05 9.6712416525757128e-06 -6.4110781070603196e-06
-1.4719874537271328e-05 8.0703697368234018e-06 -7.0638482779425416e-06
-2.8933685288987099e-06 -7.3982984102882732e-07 -2.8799476581256589e-05
-4.5742919758683424e-06 2.951021529374806e-06 -2.7805917462986329e-05
-1.4702299789800036e-06 1.8216461042381941e-06 -2.7304891403734377e-05
6.3988601639586307e-08 3.5944882063043693e-06 -2.8548377751791421e-05
-1.7252594059267371e-05 1.0146017029194834e-05 -9.5963989289737928e-06
-1.5316008866882408e-05 8.7916464698856167e-06 -6.1563921200519234e-06
-1.5820651180517895e-05 9.2723187258050279e-06 -9.2026070246942204e-06
-1.7260348350140814e-05 9.7288236177439646e-06 -8.7923998349712096e-06
-4.980755800869179e-06 7.6136323042257526e-07 -2.7015020766477105e-05
-3.5732467422821927e-06 1.4843091490734754e-06 -2.6212019485466476e-05
-2.7042283223671637e-06 9.0659766999179325e-07 -3.409222836874698e-05
-3.6647127622875162e-06 2.9278918399378451e-06 -2.6979132243865056e-05
3.8980428521906418e-05 -2.1738456106312753e-05 4.396635976300356e-05
4.2412072321708003e-05 -2.4400967242266258e-05 4.1910692408553274e-05
4.3202031241397487e-05 -2.4795686539125228e-05 4.2928765261074364e-05
3.8393653414852021e-05 -2.276063098301999e-05 4.3858874735847042e-05
-1.69431835737e-05 9.7082875504955497e-06 -3.5559588322520153e-06
-1.542813979826807e-05 8.9149305536051493e-06 -8.3982757625999938e-06
-1.56986182333486e-05 8.8781179433915225e-06 -7.5123935063953207e-06
-1.724175777274308e-05 9.886448688655315e-06 -6.7845295922547288e-06
-8.2509754667663734e-06 1.6565131886278226e-06 -2.6915845075872746e-05
-6.9689065867284503e-06 3.1898912722815769e-06 -2.6921485449471483e-05
-5.7404513651715394e-06 1.6356754360402626e-06 -2.8556475280806792e-05
-7.0600327463921086e-06 4.5264304398412447e-06 -3.352161670230891e-05
4.2381711611888528e-05 -2.2586564576487778e-05 4.3543705420201473e-05
4.4694655967791874e-05 -2.3318046772358159e-05 4.4102563917680637e-05
4.4212637499464746e-05 -2.4262775413508297e-05 4.4844622005796309e-05
4.261632322155335e-05 -2.1955629104153038e-05 4.3727184796282792e-05
-1.7060600392625484e-05 1.0131130609303458e-05 -6.4632842361744824e-06
-1.5367457615830826e-05 8.8187547907792041e-06 -7.317062842557287e-06
-1.5411644221079022e-05 9.2962993299499329e-06 -7.4009403838101728e-06
-1.6860188874974442e-05 9.7640294466350142e-06 -2.6834269171993608e-06
-7.229276601389479e-06 3.3457473570306208e-06 -3.3070095688064738e-05
-6.0891666451513751e-06 3.9430176862279833e-06 -2.686039389197814e-05
-3.4213997942144779e-06 4.0724565686972754e-06 -2.8469812260706329e-05
-4.7578001637736277e-06 6.2425833607858373e-06 -2.683631666883235e-05
4.0170300888209276e-05 -2.5838910815867422e-05 4.3805383829531586e-05
4.2448056136960583e-05 -2.7013043137035387e-05 4.4059450909406106e-05
4.3008189546223097e-05 -2.6003583720707324e-05 4.4901261826851835e-05
4.0708093665797751e-05 -2.5311018852364198e-05 4.3493427922036698e-05
-2.3366197549612444e-06 1.5057938301810125e-06 -2.0914811059036253e-05
-5.9067229998864892e-06 3.1567138115973226e-06 -2.5049771829099843e-05
-5.048248538688121e-06 2.9718978277247596e-06 -1.9401360484394559e-05
-2.3832184188363561e-06 9.8093648903674335e-07 -2.107266641001096e-05
1.4380916623129417e-05 -2.254829812980844e-05 -3.1163835975955845e-05
1.622214094621063e-05 -2.0116904107289613e-05 -3.0102056403524813e-05
7.3493961266475703e-06 -1.518362460232025e-05 -3.7813607418946127e-05
1.7569764418369052e-05 -1.7581588280039584e-05 -3.1732039749293728e-05
-1.5016709343849982e-05 8.5031973296550946e-06 8.9050191453665661e-05
-1.7099710740856299e-05 9.5492791772513845e-06 8.741113159230901e-05
-1.7590070825632901e-05 9.9387388042464306e-06 8.7578844028143865e-05
-1.5076482256437166e-05 8.1979487591490874e-06 8.9238382454136234e-05
-1.7144844636229201e-05 9.7360485267206087e-06 8.7490092158644395e-05
-1.4906265426339188e-05 8.9377157758835368e-06 8.9765017863827068e-05
-1.4550982960104264e-05 8.7742143770608294e-06 8.8666108400387023e-05
-1.67575850843725e-05 1.0402691041104181e-05 8.7572556312962013e-05
-6.7686008264096617e-06 9.6196324791877202e-07 -1.8313617162313278e-05
-3.4979327478976206e-06 1.3728522441289193e-06 -1.8172912503278127e-05
-1.4880898480118532e-07 9.375714419279646e-07 -1.82243463542342e-05
-3.5419155527410145e-06 5.1477751008555117e-06 -1.8193765610519108e-05
3.913917759779085e-05 -1.48037041174619e-05 -3.317297045940526e-05
4.3727603575060181e-05 -1.4165455139002886e-05 -3.4255578872544046e-05
4.3812109172376604e-05 -1.4355978813712991e-05 -3.090983031303618e-05
4.1822710342940671e-05 -9.9251088199569897e-06 -3.2702903376952142e-05
-4.8070053343604591e-06 1.3866522057292326e-06 -1.3063374740163169e-05
-6.1274514823231839e-06 1.6196635495568934e-06 -1.2866866612913641e-05
-3.3925425848095039e-06 3.4531574073230114e-06 -1.1000040714304049e-05
-1.2267966649158447e-06 2.9299710835595238e-06 -1.7077663636701906e-05
-8.7391206070511462e-06 2.9348144458134912e-05 -3.8990975951891382e-05
-1.3350640037988726e-05 2.5135062903411344e-05 -3.1210441100437691e-05
-8.923133709556972e-06 2.7304119666893062e-05 -3.0872246153196281e-05
-1.2741408205261265e-05 3.2348509659940738e-05 -3.1381233806110354e-05
-1.7189253559032875e-05 1.0590668488945831e-05 8.8230168713746004e-05
-1.7385288798965615e-05 1.0390512084040848e-05 8.7758406716258175e-05
-1.6758919236346836e-05 1.1153482047559387e-05 8.7384666362516628e-05
-1.6887250362307427e-05 1.0613080235755135e-05 8.7767273885583363e-05
-3.3962325913023577e-06 2.71054386862782e-07 -1.8861108326273524e-05
-4.6845412166952372e-06 3.7469889468955131e-06 -1.4780888149434901e-05
-4.6562637715122997e-06 2.0920958216696971e-06 -1.2856152152226907e-05
-3.5469645822683304e-06 2.9255949233197853e-06 -1.5175384150190041e-05
-4.3856799843953868e-05 2.2734560983393368e-07 -3.1370597340429907e-05
-3.8125434420778015e-05 4.4922512747175828e-06 -3.1125078702620712e-05
-3.7851718865998941e-05 -2.4914946598680529e-07 -3.1342818175406073e-05
-3.9810439227044858e-05 -1.2492607511238596e-06 -3.9726640743725783e-05
-1.7922388863441036e-05 9.4211436760402662e-06 8.7730262767232725e-05
-1.7974366940794184e-05 9.9753209294717576e-06 8.7905920825290251e-05
-1.8241166151536869e-05 9.0714202565234103e-06 8.7558096678777564e-05
-1.8026952256873432e-05 9.7808849582881052e-06 8.8552278752443425e-05
