2.9685926686909281e-05 -1.7194835172373857e-05 8.8785006221442277e-05
-1.7939099362415342e-05 1.0262914753967484e-05 3.8011067322736482e-05
-1.6292421392902342e-07 5.5620551539167784e-07 1.4911238219306091e-05
-1.7755467191747849e-05 1.0409442267539284e-05 3.8127055014847058e-05
-3.3875617146497151e-07 -2.481309923450109e-07 1.0958497361415655e-05
2.9726281628041085e-05 -1.7116120703319915e-05 8.8556775030912329e-05
-1.7781923902930748e-05 1.043440837022536e-05 3.7632476534149497e-05
4.3331260113550242e-08 2.1513690812418468e-07 1.4463915486714798e-05
2.9550998065508427e-05 -1.7079576574485777e-05 8.8562268381991906e-05
-1.798949209702599e-05 1.0320937880085087e-05 3.8199867752935959e-05
2.708615525599486e-07 -3.7452687367926785e-07 1.3220862985158146e-05
2.9526354110076536e-05 -1.7023398741877749e-05 8.8712095204523857e-05
-2.061932792759083e-06 1.0566066502709637e-06 -5.1385159049850259e-05
2.2442275902172283e-06 -5.2799249730474981e-06 2.0181096181397674e-05
-1.4872181969188608e-05 8.5425337924428107e-06 -6.1609547708243572e-05
-1.4952061754951781e-05 8.5629623659093379e-06 -6.1687757877508086e-05
-2.5256913747510358e-06 1.5777618660034465e-06 -5.0916019089193142e-05
5.1692239081135849e-06 1.000045815005568e-06 1.6506294139705547e-05
-2.3390666729916371e-06 6.9309879424835075e-07 -5.0915382152474497e-05
6.8431886843229559e-06 -4.5380384857186839e-06 1.7478849832990462e-05
-1.5132047755557541e-05 8.5559387802839129e-06 -6.1841529202688161e-05
-1.9311541743581681e-06 1.7640352862374926e-06 -5.1132723262021628e-05
3.8414336421454661e-06 -1.6507482817806809e-06 1.6539416154419829e-05
-1.5013821575610847e-05 8.7656276842821429e-06 -6.1637808926699299e-05
