7.7152857307478083e-06 -5.8281377114666189e-06 -1.9967881456320336e-05
-6.6675578955535078e-06 -5.5997313517361824e-06 -1.28697369128003e-05
-2.0662857123570212e-05 5.5117576152861891e-06 -1.8492594839991661e-05
6.3734866236541884e-06 -9.1118197491791425e-06 -2.7777643208631853e-05
2.5950612552762264e-06 8.7091313612499763e-06 6.1389942649110521e-06
-3.1674731824474917e-05 -4.180877214212406e-06 2.0665411620485533e-06
-7.1935899459418806e-06 6.0104427466737198e-06 3.6836218289572342e-06
1.8276396286272256e-06 -1.585243745871618e-05 1.1055787913823861e-05
1.7550082855538118e-05 -8.858244455942077e-07 -4.4248500030178163e-06
4.8654735649620097e-06 -4.5135368173000734e-06 -5.5614389625412154e-06
7.4488190096900807e-06 -1.1480301287196692e-05 9.9640868344998887e-06
-1.9028800736314665e-06 -5.7965083525656326e-06 -1.6101645110483398e-05
1.5748296469927278e-05 3.4532047447040966e-06 -4.5181360818920789e-06
-3.109565172366535e-06 -1.9495043574751408e-06 3.1528451947369161e-06
-2.1479374685039535e-06 -6.8207235564936297e-06 6.3592421207601252e-06
6.3630530588859591e-06 -2.773955077062587e-05 -9.6874140299574307e-06
1.2197029982791673e-05 -8.7308311544477633e-06 5.9717281443722392e-06
5.6031025605465427e-06 -8.3742349261325955e-06 -9.2747598889744977e-06
2.6957257560356052e-06 -3.0407315656164058e-06 -1.5828342255330696e-05
1.4893432060351073e-05 2.7365588082944869e-06 -9.4835517373041364e-06
-2.3022193805215946e-06 3.95761818384327e-06 -3.6013575459570291e-06
-4.1960449601585736e-06 4.9655416883842562e-07 -1.5120977809411542e-05
5.2931192934675179e-06 7.8620381860361985e-06 2.0215467941003649e-05
-1.9151442856614465e-06 -7.3375480499349166e-06 -1.2047662914953239e-05
2.0461542687487633e-06 -5.6971617979450877e-06 -3.6030958917430858e-06
-5.6018429924580004e-06 -1.5806344714408213e-06 1.5277730482418216e-06
-1.9578480885090091e-05 -7.7790620340966853e-06 2.56232635084154e-06
-2.676837040964386e-06 -6.770194220739878e-06 -7.8775416134605619e-06
-5.4304559007310738e-06 -1.122232390736097e-06 -5.4992825772141873e-06
-7.5952208871896132e-06 6.3972970343312676e-07 -1.45733559533609e-06
6.6997039426669458e-07 7.3615689524242356e-06 2.9746514198548957e-06
2.8368998328536128e-06 -8.9905087038589918e-07 -5.1236439305550262e-06
-7.0796714504538357e-06 -7.5496765296334534e-07 -5.2087296238629904e-07
-1.4455189837873743e-05 -5.3086541954502908e-06 3.2285053267724595e-05
2.1703255785482942e-06 4.9823478698550472e-06 -4.0859099006305619e-06
3.8929053346077602e-06 -1.8996606189619625e-06 -3.2019891195531752e-06
-3.8614068623588765e-06 -5.8670304607082863e-06 -1.1627824272261722e-05
-1.1466872758161455e-06 2.4930400701658367e-06 -2.0013790850932169e-05
-5.5447526010091956e-06 -4.022688481827982e-06 5.490109163973769e-06
-2.7347683627009162e-06 5.684884714668003e-06 -9.1323197556475444e-06
-1.4490495508859098e-05 1.1540272254473294e-06 -9.4941051867117112e-07
-7.2197997175638855e-06 8.1195074032500668e-06 -6.0930347635784116e-06
-3.7831129990743319e-06 -6.1269075156411557e-07 -6.3836986459904488e-06
-5.2866467520932868e-06 6.2974615021499559e-06 2.0231114049229157e-06
2.6236661001752259e-06 -3.1016841996883704e-06 -1.0566977293308827e-05
3.2511546025872562e-06 -5.0652219300106709e-06 2.8155584824163249e-06
7.0607325638218351e-06 -3.7394012030130853e-06 -1.2908939966825572e-05
5.260705965914349e-06 -2.2194707563604615e-06 -1.3956983262231049e-05
-6.019546525035914e-06 7.3065363519868659e-06 2.3248836699771062e-07
-2.029002232219624e-05 1.0485003047296104e-05 -8.2771413600730634e-06
9.2302711963750692e-06 9.263941214143756e-07 -5.4016031142437525e-06
-1.6775986728340458e-05 7.3832102583087228e-06 -4.7937570551528161e-06
-3.3104083098223928e-06 -3.6869508850534614e-06 -8.4237827333851845e-06
-2.2771053097919713e-05 9.9959273036839824e-06 -2.748162831177868e-05
2.7152318311518542e-06 7.0449091248425688e-06 1.5942208562481423e-06
5.7299170454321036e-06 3.4225697451185921e-06 -1.6698574816354991e-05
1.1038268547255287e-05 -5.5429617395845454e-06 -1.55825219301884e-05
-8.7526497866488584e-06 7.0792344134769695e-06 1.5415371043048243e-05
1.3623228834612155e-05 3.0119680831386386e-06 -1.7125709246243072e-06
5.7147341906116063e-06 2.3250142495894258e-06 4.0481294361635958e-07
8.4095341955341824e-06 7.9665536324088904e-06 -8.8476659286275405e-06
2.0264869423147064e-05 6.4759720646567764e-06 -8.1584537030728044e-06
2.2974339474988309e-05 -2.7313154630052849e-06 -2.1282242005007251e-06
-1.5364654259573951e-05 -4.4568380187341716e-06 8.138294256696682e-06
6.3771240437215937e-06 -2.0802578465928256e-06 1.8637603249743728e-06
1.2761435593340933e-05 2.388923432447565e-06 -1.6460813408711306e-05
9.1847181852601489e-07 -3.0924172909063685e-06 -2.0709700289949992e-05
2.1242960095745403e-06 -1.4056633142432717e-05 -5.1551349063601315e-06
-6.642701219725794e-06 6.4204657440752877e-06 -1.3836323121008826e-05
2.1580377504200219e-06 -8.8803558253788828e-07 -1.1231738498424259e-06
-1.4815937472141772e-05 -1.2396489740054521e-05 -1.750543857879241e-05
-1.0282851531026593e-06 -1.1447805342221229e-07 -1.3376658261482488e-06
-1.1081356841240175e-05 -3.1596774598442734e-06 -1.0799940781539663e-05
1.4720856475094679e-05 -1.368399271360149e-05 -8.6122596598681156e-06
-8.3452235162193023e-07 8.9205278194538773e-06 -7.8306023352653353e-06
1.033210407265831e-06 1.3342165732135544e-05 7.528338723127373e-06
-1.8163164213483952e-05 -1.118854422155896e-05 -1.0363713367326769e-06
2.1064824519644726e-05 4.4364021756643224e-06 5.7284696470139676e-06
-4.497870121897285e-06 2.5084958069077068e-07 -2.9121625864116725e-05
-7.9133844462907915e-07 -3.4896544125724918e-06 6.3301325125865449e-06
-5.8953677814711954e-06 4.7003328855180389e-06 3.7433710807371081e-06
6.5500132974765334e-06 -1.744369645548683e-06 6.2261842179976452e-06
-7.9098427217859715e-06 -1.4600672635367573e-05 -5.2478338863951217e-06
-3.4199381980281121e-06 3.2087713615139291e-06 -7.8289577900541029e-06
-9.874110178624898e-06 9.3999836629776734e-06 4.6382706130054796e-06
7.6615373752787763e-06 -1.2169749384921547e-05 -7.7935455300888468e-06
2.6739279602172594e-06 -2.3715357457959607e-06 -8.854975212108096e-06
-2.7734027232759195e-06 5.3650790466930331e-06 -1.7474377478749609e-05
8.9947817411284436e-06 1.162764073189132e-05 -2.1636241953365554e-05
1.198142501427496e-05 8.4847441949036269e-06 -1.1548352962140532e-05
1.951622202745959e-06 -7.5922559105343589e-06 -7.988349290542296e-06
-2.6380320368758758e-06 -7.2003070364654378e-06 1.7068473514158947e-06
-1.0731646236522563e-06 -4.9524793891064442e-06 -3.6473732483903801e-06
-5.3771619238245612e-06 -1.5785392909473117e-06 -4.7637210182183783e-06
1.3559399452621191e-05 3.776006087456913e-06 -1.5670302543367709e-05
-1.4653988237277869e-06 -1.3949270186189799e-06 -8.196689799060998e-06
6.3477497743019695e-06 -6.1968890939512189e-06 -1.9307594685531379e-05
7.5316349141584318e-06 -9.8019371282816962e-06 -1.7496938393871177e-05
-9.3555664372746428e-06 -2.4718466864470656e-06 -8.9324691975743294e-06
-1.858753095156096e-06 -8.5990933249534274e-07 -2.3312466666054917e-06
2.6190117604793869e-06 -7.3845491096258611e-06 -1.0804743355652424e-05
-3.0149098414495451e-06 6.463936799410569e-06 -1.5511243199686471e-05
-1.7916530123882057e-06 6.9042251057624404e-06 -1.4000798268002171e-05
4.0189714278640945e-06 1.013128946750208e-06 -1.3533144900323545e-05
-1.1917487169124663e-06 2.3830994035009545e-06 -9.3238876719912798e-06
-1.415665829723441e-06 8.3279073081319764e-06 -1.0796342661809066e-05
1.4598618612755854e-05 5.5964787573220542e-06 -2.1354614259023338e-05
7.8946003499204276e-07 1.5982389361679505e-06 -1.0495762572714298e-05
-2.5303569111158331e-06 8.1380215097952291e-06 -1.503085138379167e-05
7.909799053822629e-06 -6.5622177595463932e-06 -2.3699471204305031e-05
-9.9446091475410142e-06 7.8369414314473362e-06 -9.045630420652373e-06
-7.4252164341346433e-06 -3.3707204258777435e-06 2.9147684776908989e-06
7.7169700667401031e-06 -1.1245674247373216e-06 4.8836024097581587e-07
4.3974053509261701e-06 -1.8316578050125987e-07 -1.545270605753709e-05
9.1005558644566276e-06 -3.2857049015386219e-06 -5.2490329545892833e-06
5.6342446345143676e-06 9.0648151685347039e-06 -1.3945239132086978e-05
-3.5472022495853638e-06 2.6385480343116274e-06 -1.5502195068378688e-05
8.6747388369480179e-06 1.813851752077944e-06 1.0980322066977966e-05
7.649630862902046e-06 3.6285988927256541e-06 1.9544606627008854e-05
-3.1129497746544251e-06 5.0336722472645729e-06 -5.0286722816733631e-05
7.2174638368338595e-06 2.6487795928641089e-05 1.2664231360592915e-05
-1.2757682381842397e-05 2.475704694300529e-05 -3.6155150442990919e-06
9.2900832745559936e-06 -1.2734899751081288e-05 -1.0297050171967099e-05
-9.6607466392312213e-06 -2.5300004056569986e-05 3.364741066391036e-06
-8.8519418117161131e-06 -2.8040620723840393e-06 1.5008293040574827e-06
1.6537094854239807e-05 1.5945465336918098e-06 -4.9947571592046103e-06
1.6862889662532936e-06 -1.4335524091770068e-06 4.4877143523127489e-06
-3.8970248544554012e-06 1.25029394898446e-06 3.2110884445879506e-06
-4.3283298427004651e-06 -4.3365277857354383e-06 1.1577722824709837e-05
-9.3665649641017784e-07 -2.157412182067801e-06 1.074935497868474e-05
-5.800256520612293e-08 -4.5100122920802184e-06 1.0399618291915571e-05
4.7418912950852096e-06 7.2660906378198623e-07 3.2400356389810812e-06
-9.4877883809161744e-06 -3.1637353986272717e-06 9.084443168123099e-06
3.7489347247670891e-06 -4.5782174413010039e-06 -1.9946623150066123e-08
3.6826050402905431e-07 4.1208195022089666e-06 6.9902252561983503e-06
1.748880408432448e-06 9.2261268884826137e-06 9.6516599686275514e-06
3.6377713355240093e-06 -1.739588638638434e-06 -4.3500405343364912e-06
-3.9320219681507167e-06 -1.3662885185289873e-06 -1.1990330202393124e-05
-5.8616265316941644e-06 1.5849565202187207e-06 1.3292216474738126e-06
9.684636160796822e-06 -1.2977047332481421e-06 -7.7547756022248136e-06
-5.328345346826413e-05 1.3142872672053385e-05 5.5469804027787756e-05
6.7614257203696404e-06 2.522013033209522e-06 2.18364118207727e-05
1.7497580400080426e-05 1.3767366971971506e-06 -1.7679758417911418e-05
-6.9213914890699593e-06 1.5228815328997836e-05 2.9101398879804286e-06
4.5783386011105653e-06 1.226858662559116e-05 1.5814916094741144e-06
-1.1578150420056554e-05 1.3212496083339631e-05 1.4220052957453211e-05
-3.9632792950619611e-06 -8.4855187684231004e-06 1.335895986914748e-05
2.5734751830652769e-06 -7.7563074437070334e-06 1.7413021850237742e-05
1.2680692888132965e-05 8.4802721247496801e-06 2.513206768529416e-05
-2.727776813834723e-06 8.7913538421992114e-06 1.6581402616466583e-05
-3.6525412228927134e-06 -1.3042608645302128e-05 2.2494617749856116e-06
1.0112949872621423e-05 -1.6859292116886814e-05 1.9625907712656642e-05
-1.2737014343178199e-05 -2.1054948133994444e-05 1.9246372864878403e-06
2.0240762675372004e-06 -4.5635896747664439e-07 -1.1513190253192862e-05
1.3408152816571373e-06 -2.6403538319202946e-06 -4.465913303393354e-06
1.4730178759633089e-05 1.2680894791876167e-05 2.4134833304071887e-05
-8.9746286758032824e-06 1.6196879140423009e-05 2.3970573357184629e-05
7.5333732182318581e-07 1.3511068269206237e-05 -7.4226118664706686e-06
-2.9246163697760341e-06 -1.5438809985376944e-06 -1.3628484892697079e-06
8.2051796844763775e-06 -1.5540027325617921e-05 6.4018117413671934e-06
-6.2360412354800498e-07 -2.8745899818480303e-07 1.2927367568443815e-05
5.4535384133927445e-06 -4.5234721364403874e-06 1.2162416089790684e-05
-8.4743576184709291e-06 -6.7988028770588071e-06 1.6651148691773643e-05
7.7701504060346746e-06 3.3920656689126472e-06 1.4191484195721915e-05
-1.2317400760390843e-06 -2.7217102903533521e-06 -1.0386128052465582e-05
1.1972974226601152e-05 -7.8128112254716164e-06 2.5001011040859389e-06
2.4620734730140814e-06 6.3362370585039185e-06 1.5145891146197469e-05
3.5082621933392455e-09 5.7073068351828904e-06 6.4209692789315446e-07
9.1126854255101086e-06 1.6113124219688246e-06 8.482090484179805e-06
4.0983191190618103e-06 -8.9939713282423395e-06 -2.2314201624582105e-06
5.2884866337745036e-06 1.4636833873664943e-07 1.348463115319297e-05
-5.6932931199338982e-06 2.0845672064617737e-06 3.8523906330106827e-06
-3.6984837386011549e-06 -2.3585291421901813e-06 6.9309848773901894e-06
1.5804471076456827e-05 9.5526648627546062e-06 1.2636247156624925e-06
2.1344022139990759e-06 -5.116997193202466e-06 2.3338077438234128e-06
-2.9220573327382038e-06 1.8921720894293781e-06 5.9975618362101413e-06
5.9453435353510296e-06 -8.0339714590843547e-06 1.8328609193481865e-06
3.5286956767777225e-06 3.1183296128611815e-06 7.9798779402947832e-06
7.2057594633773148e-06 -1.0127244817997871e-05 2.9607564162592581e-06
-5.4690383405608944e-06 -2.9621401100854428e-06 -4.7462957822944074e-06
1.7619737962981472e-06 -3.6145429095912895e-06 3.0786181308443614e-06
2.1564212116520487e-06 -2.204974218517064e-06 -2.4147954221856449e-06
-9.1327284780159945e-06 7.7100659427453699e-06 1.146474101478695e-05
3.703863355075665e-06 -5.6004771681814058e-06 1.1730654700246868e-05
-7.0705974950235895e-06 -3.1893390860654458e-06 8.2560218251648276e-06
6.0900497906124638e-07 5.6776983295430769e-06 1.9018487484580311e-05
1.1922023528967984e-05 7.8209646253175197e-06 7.7141389522306092e-06
-6.4990360734557281e-06 6.4157785675117429e-07 -5.5724707604364043e-09
-8.010509892424198e-06 4.1948576870617392e-06 -7.7056407005358062e-06
-5.6566787566935048e-06 2.1690710348347957e-06 8.4006381649267062e-06
-1.8309958116401528e-07 -8.166575434304579e-06 2.8399448001592553e-07
-6.399051759149732e-06 -1.1880948488886094e-05 1.0935878264423105e-05
-2.8532146516278877e-06 7.4422376404315038e-06 1.4265769190651917e-05
-1.8531178280559168e-06 8.7714339386257834e-06 5.0722500553472525e-06
-2.0676866250204234e-06 -7.4031555092691007e-06 8.6392546024341432e-07
-4.3479634357480683e-06 -7.4505469736070237e-07 1.2251263907629706e-06
5.72638717568838e-06 5.9450751938652791e-06 4.8648422864804031e-06
5.1764127486721403e-06 -5.30513736205461e-06 1.4310950211494066e-05
-6.0183694587934156e-06 -1.0466210710047275e-05 1.0623238337670315e-05
4.2031759156929693e-06 4.6732670001825571e-06 7.9855791341801319e-06
2.5638946318795597e-07 -4.8389994622421995e-08 6.180707158458254e-06
-8.3515837310166232e-07 3.2631455455732462e-07 -3.4553188897282899e-06
6.5270415185864072e-06 -8.4204734861620389e-06 6.4060885835411432e-06
2.4070134140991017e-06 1.3749992414102685e-07 -3.0286074090470766e-06
5.2238503265346494e-06 -3.7040187485237741e-07 -1.9826598199399445e-06
2.5391143274964417e-06 -1.6946862657369471e-06 1.2071409451771479e-05
-2.9640810676745399e-07 3.8123667612521839e-06 3.6987493231485646e-06
8.669621458082255e-06 -5.6511198747999369e-06 1.9014888663577978e-05
-3.9867070192058718e-07 -9.7626141039447445e-06 3.3406695254849174e-06
8.9597993654932928e-07 5.4265521733428551e-06 1.3167649150921945e-05
2.989761274288516e-06 -3.8403571450129625e-06 1.2114149300683497e-05
-1.6868547468712469e-06 -3.1934513490677885e-06 6.9677093029879295e-06
1.2806332541775989e-06 -9.4338821441421195e-06 6.1137230981805901e-06
2.4659878372634836e-07 -4.3844384683792981e-07 1.1922835113087338e-06
5.7861149403079515e-06 8.3021436197983078e-07 1.3019552188436867e-06
-6.4492994435444982e-06 -2.4943760080981317e-07 1.3136232038690743e-05
3.4591055476790311e-06 2.3525853921242679e-06 1.1259951157582826e-06
3.3200571143508079e-06 -3.9064142827865966e-06 1.3959521486750504e-05
-7.0223199353791621e-06 -5.3443200527109047e-06 4.9004179270978332e-06
3.6679162387989739e-06 2.1485923393238515e-07 6.7908618154033373e-06
1.7078353305259795e-06 3.9333427163392668e-07 4.0250238480116218e-06
6.4928634475519709e-06 -2.5730606568047376e-06 4.7379264392459486e-06
-2.1739767038474189e-06 -2.6357646740540752e-07 1.2399082048086818e-05
-4.4365397826010278e-06 4.009499508177139e-06 -5.5621089480317742e-06
7.4062503126193224e-07 -3.1647785275062956e-06 1.3273651085332627e-05
-1.6610838925734672e-06 2.7922243711619998e-08 7.867424489826913e-06
6.7807595114516284e-07 -2.5100831771429633e-06 1.050192049475537e-05
-1.9908422863243458e-06 -3.5208068589753783e-06 9.1591618961092691e-06
-5.0497261847833388e-06 -2.6792083670235112e-06 -1.5147575053719997e-06
9.5448519584484526e-06 -4.1348375400488552e-06 -5.7376617473778313e-06
-5.4463213795338031e-06 3.6725151307237469e-06 6.520833948820538e-06
-7.6547878546037729e-06 6.0836086052673544e-06 3.4971964344848727e-06
-7.5762489994551929e-06 -2.7422293461670799e-06 7.0690740440609856e-06
1.5295397647052678e-06 2.7478473276776327e-06 6.5584526543205346e-06
7.8638897982596934e-06 -2.3084423652064423e-06 2.2537661806265596e-09
-4.4032445085107064e-06 -6.8228681946612066e-06 2.4465432451048486e-06
4.6375410062970968e-06 8.4447508537435767e-06 6.7659637135869533e-06
1.1609214979371432e-05 -2.7845168454003122e-06 4.831361006440299e-06
-7.1603570345399326e-06 2.6678994832218805e-06 6.5584532065177115e-06
5.7591463248421459e-06 -1.9753747184762804e-06 8.7409704782326347e-06
4.8047532261069884e-06 3.7933990957696113e-06 4.7525170072063179e-06
-9.6501891093111818e-06 1.0954145664293646e-05 -4.4407087757733079e-06
3.1358650974810942e-06 3.1769013998737133e-07 6.8013722410928401e-06
-1.062647353812507e-05 -7.8876922525294296e-06 -2.7649817973211116e-06
-6.6891678598064226e-06 1.882049932692658e-06 1.9241112288262653e-05
8.2968910097847015e-07 -7.6225271751495516e-07 5.9291787379289751e-06
1.3622033539890943e-05 3.9834890213190366e-06 2.2131023055400652e-05
-1.710676875720657e-06 1.0172163363868572e-05 1.2938344409775537e-05
2.3302406621356054e-06 4.5965886186424831e-06 1.1488098637518762e-05
-1.1647163058459142e-06 1.9377822524369037e-07 9.1230515026473318e-06
-1.7912119879435941e-06 7.1232879549076866e-06 -8.0057018115868746e-06
1.9399510841067169e-06 -6.1677572480295373e-06 -3.1974596772128827e-06
3.066903776494101e-07 9.0452367756954644e-07 1.2270607379659144e-05
-2.3409384999895089e-07 1.6305842654024127e-06 9.4278652734980373e-06
-1.6949910689456615e-06 2.5326780585532838e-06 -4.566091204801195e-06
3.0835916456951884e-06 8.1634285947936036e-07 1.7347528921719813e-06
-1.1747582867112158e-05 4.730071192207919e-06 8.0506617457509755e-06
-2.5729002858321595e-07 2.1481087488150818e-06 3.0965505271580529e-06
-4.0220153994519059e-06 -2.3701412260462851e-06 1.2546579745566222e-05
7.4587661209948863e-06 -8.2711213712782783e-07 8.7976514596688205e-06
1.0678743756469683e-06 3.4766012610865787e-06 6.2945621983599188e-06
4.1301736216324547e-06 5.3540631107665618e-06 1.459723750513349e-05
9.2464761735830951e-06 5.6166475615168838e-06 1.8198717253236707e-06
7.8418640719157655e-06 1.4299335768935828e-06 -1.5248462276740149e-06
-3.3250984789179316e-07 6.0189687543787951e-06 1.0478544778050325e-05
1.1879867701958258e-05 9.1233421604663967e-06 6.87495850128228e-06
-2.3622434552047641e-06 9.5042879680077404e-07 1.3846281605625713e-05
9.290260619406604e-06 1.4263453439813945e-06 8.4714917410882995e-06
1.32119313467981e-05 -2.1460759637006511e-06 -2.8082399914364231e-06
4.9779154041650001e-07 1.0046374787735235e-06 4.5163422730670755e-06
-9.0848059300374651e-06 -2.3684268582180312e-06 4.9281454026078864e-06
-9.1141687727502863e-06 -7.1421803407578643e-07 1.6354890238018394e-05
-1.6815642946851894e-05 -9.3341725781181939e-06 5.5471560128084185e-06
-2.261376632256562e-06 7.4897380183402973e-06 -7.6360393934937765e-06
1.5147419650401311e-05 1.6058662735879414e-05 -6.3917673745157753e-06
1.2525899098363174e-06 9.3948136293637782e-06 -1.4538083035097599e-05
4.8330241203211775e-07 1.3939853973020367e-05 3.1899145848386483e-06
-1.0576269152710524e-05 5.0300188681608833e-06 -2.0177962073032046e-06
-1.7940458224722097e-05 8.7914147783767563e-06 -6.7022623697655936e-07
1.196071344709837e-05 -1.3403672302791936e-05 -6.6898101902662654e-06
-1.5450049902427754e-05 2.4022167903481328e-05 5.8974535737784452e-06
-8.4599982082533007e-06 -2.8573701038878517e-05 -3.7704433572538498e-06
4.3231709681151864e-06 9.1096013581370983e-06 9.6567365621413881e-06
-3.1988414473424324e-06 -1.3159477398225115e-05 4.669299383562221e-06
-2.2210822854959456e-05 -3.3924987260514072e-06 6.3451313748186244e-06
2.1020711120797524e-06 -2.4475823248609662e-05 2.021350994018813e-05
3.4746888268863407e-05 -1.4182704773324506e-05 -2.4448808432886437e-05
-6.0572706228299855e-06 7.0611757276711762e-06 -1.3688652507838541e-05
