4.5170003066932751e-05 -2.6387985888137733e-05 0.00011047455880019985
-1.8770742021886086e-05 1.0925352290638672e-05 -0.00010759690684594009
-7.3124157413213473e-07 1.0730017905189945e-06 3.366603482074515e-05
-1.9054590700714102e-05 1.0924803231748305e-05 -0.00010866372813855135
-2.1660101391342756e-06 6.3006297075594159e-07 3.3586479542158099e-05
4.6163348244950345e-05 -2.6580900769457294e-05 0.00011034416966484994
-1.9465887713000091e-05 1.1138288755899346e-05 -0.00010647171514779896
-5.1806147857133057e-06 1.9024146828937327e-06 3.3896672499922342e-05
4.8436656449657445e-05 -2.6790497842155148e-05 0.00011077046836155402
-1.928308552055861e-05 1.1277440078625092e-05 -0.00010594945637053266
-3.7176072521985363e-06 3.2194155526795581e-06 3.3451382534264995e-05
4.7343613580330679e-05 -2.8445024265688623e-05 0.00011080763426643547
-3.979487960649084e-06 2.1785511247346401e-06 3.2814617542786806e-05
1.2490958553819094e-05 -1.7955075898520596e-05 -9.923999630043201e-05
-1.9504251371378514e-05 1.1020158854026761e-05 0.00010102202179769482
-1.8818776862084571e-05 1.1160648726646696e-05 0.00010073952208430187
-3.5916069362172676e-06 2.1896420308586961e-06 3.6108854662764145e-05
3.7832233203464541e-05 -1.1102695242069241e-05 -9.9188142378442423e-05
-4.1181771991832816e-06 2.6150374732233916e-06 4.09781972199319e-05
-1.5028624286624883e-05 2.7392223529769128e-05 -9.9966199683693135e-05
-2.0012429401983721e-05 1.2089717212900031e-05 0.00010009815924696963
-4.4334725480768707e-06 2.3040861503037524e-06 3.9064026561952403e-05
-4.0711632953000583e-05 4.8165526821287302e-06 -0.0001004056923193386
-2.071690799007066e-05 1.1396525832532353e-05 0.00010029881240196381
