2.4976678834387478e-05 -1.446991229715755e-05 -3.4831907810284335e-06
-1.1933462235078334e-05 7.0352264526117245e-06 -8.8687700651179924e-06
-8.5682530898893543e-07 3.4447248085846954e-07 7.1146807535879542e-06
-1.2231233306466132e-05 6.9135046861378176e-06 -9.1817924989454069e-06
-1.2383410992110821e-06 8.6995863725000677e-07 8.3790991774884693e-06
2.4886971061245308e-05 -1.4415009042312299e-05 -3.3714997694223037e-06
-1.2156762604715254e-05 6.9202015559629952e-06 -8.4179191602584691e-06
-2.9546885619089326e-06 1.0368930110065538e-06 6.6164369002669199e-06
2.5869244183740481e-05 -1.479070812027139e-05 -3.3617677978603488e-06
-1.1958277319104214e-05 7.0661074317800686e-06 -8.3423698970033766e-06
-2.4779042238578142e-06 2.0676344494102369e-06 7.1887498359207713e-06
2.572693270619375e-05 -1.4954624918184223e-05 -3.3446098676725988e-06
-3.792331421896512e-06 2.2701639512678895e-06 -1.4210310396833847e-05
1.3417331720293389e-05 -7.2319760521422256e-06 2.622907228747029e-05
-1.2554516269826601e-05 7.4441427685995737e-06 2.4674286757273012e-05
-1.2399089449926268e-05 6.9590532590134771e-06 2.4740839743617182e-05
-3.6427766355727367e-06 2.010669816643329e-06 -1.2682544701103637e-05
2.1153048060912338e-05 -1.248980015223361e-05 2.6832238121859975e-05
-3.3555886732845137e-06 2.1518381828952021e-06 -1.0763429065523133e-05
-4.0279863543896788e-06 1.1978302168117838e-05 2.6775806139772707e-05
-1.3094550982417955e-05 7.917190177200023e-06 2.4693469894698783e-05
-3.4073977878992215e-06 1.7836143642330909e-06 -1.0778606664096912e-05
-1.2428656394599682e-05 -2.8231914230581736e-06 2.7725485302443342e-05
-1.3301431508826894e-05 7.2583301927988883e-06 2.4901930561198327e-05
