0 0.0013517530692 -0.00055457465675
0.01 0.0013517530692 -0.00055457465675
0.02 0.005404215176 -0.00221718062815
0.03 0.012148994381 -0.00498445316833333
0.04 0.0215721020875 -0.0088507487375
0.05 0.033653950312 -0.013808092257
0.06 0.0483693484833333 -0.0198461046616667
0.07 0.0656875004028571 -0.0269519121128571
0.08 0.08557200211875 -0.0351100386275
0.09 0.107980841671111 -0.0443022841611111
0.1 0.13286640175 -0.05450759058
0.11 0.160175466481818 -0.0657018981654545
0.12 0.189849233616667 -0.07785799558
0.13 0.2218233335 -0.0909453664538461
0.14 0.256027856371429 -0.1049300359
0.15 0.292387389326667 -0.11977442036
0.16 0.33082106464375 -0.13543718441875
0.17 0.371242620947059 -0.151873108052941
0.18 0.413560478666667 -0.169032967961111
0.19 0.457677831410526 -0.186863436457895
0.2 0.50349275455 -0.205307001415
0.21 0.550898332285714 -0.224301910447619
0.22 0.599782804954545 -0.243782142513636
0.23 0.650029736521739 -0.263677409765217
0.24 0.701518204625 -0.283913192254167
0.25 0.75412301292 -0.304410807748
0.26 0.807714926769231 -0.325087518642308
0.27 0.862160932444444 -0.34585667752963
0.28 0.9173245205 -0.366627912535714
0.29 0.973065992655172 -0.387307353275862
0.3 1.02924279246667 -0.4077978976
0.31 1.08570985896774 -0.427999519096774
0.32 1.14232000271875 -0.44780961465625
0.33 1.19892430333333 -0.467123391090909
0.34 1.25537252711765 -0.485834289176471
0.35 1.31151356354286 -0.503834443085714
0.36 1.36719587875 -0.521015173083333
0.37 1.42226798445946 -0.537267508135135
0.38 1.47657891989474 -0.552482735526316
0.39 1.52997874469231 -0.566552973692308
0.4 1.5823190402 -0.579371764325
0.41 1.6334534167561 -0.590834679463415
0.42 1.68323802409524 -0.60083993897619
0.43 1.73153206186047 -0.609289033651163
0.44 1.77819828786364 -0.616087349
0.45 1.8231035204 -0.621144784644444
0.46 1.86611913219565 -0.624376364
0.47 1.90712153246809 -0.625702829425532
0.48 1.94599263458333 -0.625051217166667
0.49 1.98262030579592 -0.622355407428571
0.5 2.0168987966 -0.61755664434
0.51 2.04872914705882 -0.610604021254902
0.52 2.07801956615385 -0.601454926653846
0.53 2.10468578358491 -0.590075446471698
0.54 2.12865137018519 -0.576440718814815
0.55 2.14984802581818 -0.5605352378
0.56 2.16821583125 -0.542353102785714
0.57 2.18370346385965 -0.521898210824561
0.58 2.19626837568966 -0.499184389758621
0.59 2.20587693118644 -0.474235470322034
0.6 2.21250450533333 -0.447085295816667
0.61 2.2161355404918 -0.41777766895082
0.62 2.2167635616129 -0.386366235435484
0.63 2.21439115126984 -0.352914304730159
0.64 2.20902988234375 -0.31749460896875
0.65 2.20070021030769 -0.2801890014
0.66 2.1894313269697 -0.241088096454545
0.67 2.1752609738806 -0.200290853791045
0.68 2.15823521970588 -0.157904109426471
0.69 2.13840820130435 -0.114042057250725
0.7 2.11584183114286 -0.0688256850071429
0.71 2.09060547338028 -0.0223821687084507
0.72 2.06277559 0.025155769675
0.73 2.0324353609589 0.0736505364849315
0.74 1.99967427837838 0.122960367395946
0.75 1.96458772146667 0.17294004984
0.76 1.92727651092105 0.223441661315789
0.77 1.88784644896104 0.274315317961039
0.78 1.84640784615385 0.325409927769231
0.79 1.80307503873418 0.376573942721519
0.8 1.75796589975 0.4276561043125
0.81 1.71120134679012 0.478506177037037
0.82 1.66290484829268 0.528975664414634
0.83 1.6132019339759 0.578918502590361
0.84 1.56221970892857 0.628191726690476
0.85 1.51008637670588 0.676656105317647
0.86 1.45693077232558 0.724176739255814
0.87 1.40288190827586 0.770623620390805
0.88 1.34806853568182 0.815872147693182
0.89 1.29261872213483 0.859803597303371
0.9 1.23665944866667 0.902305544288889
0.91 1.18031622714286 0.943272234230769
0.92 1.12371273869565 0.982604903119565
0.93 1.06697049574194 1.02021204468817
0.94 1.01020852715957 1.05600962490426
0.95 0.953543087631579 1.08992124347368
0.96 0.89708739190625 1.121878243125
0.97 0.840951373546392 1.15181976793814
0.98 0.785241468510204 1.17969277142857
0.99 0.730060423 1.2054519779798
1 0.67550712532 1.2290597979
1.01 0.621676460792079 1.25048620089109
1.02 0.568659189166667 1.26970854921569
1.03 0.516541843213592 1.28671139533981
1.04 0.465406647644231 1.30148624730769
1.05 0.415331456885714 1.31403130466667
1.06 0.366389710377358 1.3243511704717
1.07 0.318650404093458 1.33245654252336
1.08 0.272178076657407 1.33836388805556
1.09 0.227032808587156 1.34209510605505
1.1 0.183270233136364 1.343677182
1.11 0.140941557315315 1.34314183765766
1.12 0.100093591392857 1.34052518098214
1.13 0.0607687857539823 1.33586735955752
1.14 0.0230052734903509 1.32921222105263
1.15 -0.0131630823565217 1.32060698278261
1.16 -0.0477066381396552 1.31010191603448
1.17 -0.080599916542735 1.29775004452991
1.18 -0.111821552033898 1.28360686161017
1.19 -0.141354235579832 1.26773006722689
1.2 -0.169184659308333 1.25017932583333
1.21 -0.195303461429752 1.23101604702479
1.22 -0.219705171967213 1.21030318934426
1.23 -0.242388159219512 1.18810508756098
1.24 -0.263354577120968 1.16448730274194
1.25 -0.28261031324 1.13951649624
1.26 -0.300164937253968 1.11326032468254
1.27 -0.316031649338583 1.08578735622047
1.28 -0.33022722803125 1.05716700609375
1.29 -0.342771976837209 1.02746948937984
1.3 -0.3536896689 0.996765789307692
1.31 -0.363007488801527 0.965127638015267
1.32 -0.370755970666667 0.932627508257576
1.33 -0.37696893162406 0.899338612180451
1.34 -0.381683399567164 0.865334905746269
1.35 -0.384939534303704 0.830691094
1.36 -0.386780541125 0.795482636397059
1.37 -0.387252575781022 0.759785747372263
1.38 -0.386404640014493 0.723677390623188
1.39 -0.384288466841727 0.687235263928058
1.4 -0.380958394792857 0.650537771435714
1.41 -0.376471230482269 0.613663981822695
1.42 -0.370886099091549 0.576693569605634
1.43 -0.364264282174825 0.539706737853147
1.44 -0.356669042791667 0.502784120652778
1.45 -0.348165437703448 0.466006664027586
1.46 -0.338820116821918 0.429455484267123
1.47 -0.328701110095238 0.393211703244898
1.48 -0.317877602391892 0.35735626025
1.49 -0.306419696845638 0.321969700691275
1.5 -0.294398167573333 0.287131942153333
1.51 -0.281884202682119 0.252922018695364
1.52 -0.268949138776316 0.219417804802632
1.53 -0.255664188150327 0.186695720594771
1.54 -0.242100160266234 0.154830420422078
1.55 -0.228327179077419 0.123894467206452
1.56 -0.214414397846154 0.0939579951730769
1.57 -0.200429713452229 0.0650883640764331
1.58 -0.186439482050633 0.0373498080626582
1.59 -0.17250823808805 0.0108030826415094
1.6 -0.15869841809375 -0.014494888448125
1.61 -0.145070093913043 -0.0384913559608696
1.62 -0.131680654611111 -0.0611382426858025
1.63 -0.118584464754601 -0.0823927147116564
1.64 -0.105832608829268 -0.102217533243902
1.65 -0.0934726823636364 -0.120581303836364
1.66 -0.0815485984096386 -0.137458711048193
1.67 -0.0701004145389222 -0.15283072505988
1.68 -0.059164181410119 -0.166684778708333
1.69 -0.0487718142260355 -0.179014911715976
1.7 -0.0389509884888235 -0.189821879223529
1.71 -0.0297250611216374 -0.19911322202924
1.72 -0.0211130179447674 -0.206903296133721
1.73 -0.0131294482641618 -0.213213259803468
1.74 -0.00578454712528736 -0.218071016402299
1.75 0.000915854422457143 -0.221511111982857
1.76 0.00697023096306818 -0.223574586914773
1.77 0.0123812763615819 -0.224308781214689
1.78 0.0171557898146067 -0.223767093898876
1.79 0.0213045349050279 -0.222008696949721
1.8 0.0248420725211111 -0.219098205127778
1.81 0.0277865687348066 -0.215105303237569
1.82 0.0301595789521978 -0.210104332840659
1.83 0.031985809889071 -0.204173841092896
1.84 0.0332928611168478 -0.197396094483696
1.85 0.0341109481248649 -0.189856560908108
1.86 0.0344726090274194 -0.181643363747312
1.87 0.0344123971930481 -0.172846711925134
1.88 0.0339665622297872 -0.163558310308511
1.89 0.0331727218555556 -0.153870755
1.9 0.0320695273005263 -0.143876918284211
1.91 0.0306963249465969 -0.133669328099476
1.92 0.0290928169526042 -0.123339547177083
1.93 0.0272987236378238 -0.112977556829016
1.94 0.0253534503974227 -0.102671150546392
1.95 0.0232957618723077 -0.0925053424615385
1.96 0.0211634660556122 -0.082561795627551
1.97 0.0189931105725888 -0.0729182742436548
1.98 0.0168196969606061 -0.0636481311616162
1.99 0.0146764021090452 -0.0548198086482412
2 0.0125943370455 -0.0464964125315
2.01 0.0106023964830846 -0.0387354670492537
2.02 0.00872725417772277 -0.0315889620391089
2.03 0.00699247896699507 -0.0251016303497537
2.04 0.00541862853578431 -0.0193111842862745
2.05 0.00402336504526829 -0.0142485950448781
2.06 0.00282129945660194 -0.00993782628883495
2.07 0.00182392849502415 -0.00639575053333333
2.08 0.00103998798302885 -0.00363347783403846
2.09 0.000471531744478469 -0.0016428049177512
2.1 0.0001299834514 -0.000451921515480952
2.11 3.70100261981043e-06 -1.28410824876777e-05
2.12 -4.93790883962264e-06 1.71247589966981e-05
2.13 2.48756630615023e-06 -8.63464314178404e-06
2.14 -3.76327065640187e-07 1.30891084630841e-06
2.15 -1.70665591046512e-12 3.55246899730233e-12
2.16 0 0
2.17 0 0
2.18 0 0
2.19 0 0
2.2 0 0
2.21 0 0
2.22 0 0
2.23 0 0
2.24 0 0
2.25 0 0
2.26 0 0
2.27 0 0
2.28 0 0
2.29 0 0
2.3 0 0
2.31 0 0
2.32 0 0
2.33 0 0
2.34 0 0
2.35 0 0
2.36 0 0
2.37 0 0
2.38 0 0
2.39 0 0
2.4 0 0
2.41 0 0
2.42 0 0
2.43 0 0
2.44 0 0
2.45 0 0
2.46 0 0
2.47 0 0
2.48 0 0
2.49 0 0
2.5 0 0
2.51 0 0
2.52 0 0
2.53 0 0
2.54 0 0
2.55 0 0
2.56 0 0
2.57 0 0
2.58 0 0
2.59 0 0
2.6 0 0
2.61 0 0
2.62 0 0
2.63 0 0
2.64 0 0
2.65 0 0
2.66 0 0
2.67 0 0
2.68 0 0
2.69 0 0
2.7 0 0
2.71 0 0
2.72 0 0
2.73 0 0
2.74 0 0
2.75 0 0
2.76 0 0
2.77 0 0
2.78 0 0
2.79 0 0
2.8 0 0
2.81 0 0
2.82 0 0
2.83 0 0
2.84 0 0
2.85 0 0
2.86 0 0
2.87 0 0
2.88 0 0
2.89 0 0
2.9 0 0
2.91 0 0
2.92 0 0
2.93 0 0
2.94 0 0
2.95 0 0
2.96 0 0
2.97 0 0
2.98 0 0
2.99 0 0
3 0 0
3.01 0 0
3.02 0 0
3.03 0 0
3.04 0 0
3.05 0 0
3.06 0 0
3.07 0 0
3.08 0 0
3.09 0 0
3.1 0 0
3.11 0 0
3.12 0 0
3.13 0 0
3.14 0 0
3.15 0 0
3.16 0 0
3.17 0 0
3.18 0 0
3.19 0 0
3.2 0 0
3.21 0 0
3.22 0 0
3.23 0 0
3.24 0 0
3.25 0 0
3.26 0 0
3.27 0 0
3.28 0 0
3.29 0 0
3.3 0 0
3.31 0 0
3.32 0 0
3.33 0 0
3.34 0 0
3.35 0 0
3.36 0 0
3.37 0 0
3.38 0 0
3.39 0 0
3.4 0 0
3.41 0 0
3.42 0 0
3.43 0 0
3.44 0 0
3.45 0 0
3.46 0 0
3.47 0 0
3.48 0 0
3.49 0 0
3.5 0 0
3.51 0 0
3.52 0 0
3.53 0 0
3.54 0 0
3.55 0 0
3.56 0 0
3.57 0 0
3.58 0 0
3.59 0 0
3.6 0 0
3.61 0 0
3.62 0 0
3.63 0 0
3.64 0 0
3.65 0 0
3.66 0 0
3.67 0 0
3.68 0 0
3.69 0 0
3.7 0 0
3.71 0 0
3.72 0 0
3.73 0 0
3.74 0 0
3.75 0 0
3.76 0 0
3.77 0 0
3.78 0 0
3.79 0 0
3.8 0 0
3.81 0 0
3.82 0 0
3.83 0 0
3.84 0 0
3.85 0 0
3.86 0 0
3.87 0 0
3.88 0 0
3.89 0 0
3.9 0 0
3.91 0 0
3.92 0 0
3.93 0 0
3.94 0 0
3.95 0 0
3.96 0 0
3.97 0 0
3.98 0 0
3.99 0 0
4 0 0
4.01 0 0
4.02 0 0
4.03 0 0
4.04 0 0
4.05 0 0
4.06 0 0
4.07 0 0
4.08 0 0
4.09 0 0
4.1 0 0
4.11 0 0
4.12 0 0
4.13 0 0
4.14 0 0
4.15 0 0
4.16 0 0
4.17 0 0
4.18 0 0
4.19 0 0
4.2 0 0
4.21 0 0
4.22 0 0
4.23 0 0
4.24 0 0
4.25 0 0
4.26 0 0
4.27 0 0
4.28 0 0
4.29 0 0
4.3 0 0
4.31 0 0
4.32 0 0
4.33 0 0
4.34 0 0
4.35 0 0
4.36 0 0
4.37 0 0
4.38 0 0
4.39 0 0
4.4 0 0
4.41 0 0
4.42 0 0
4.43 0 0
4.44 0 0
4.45 0 0
4.46 0 0
4.47 0 0
4.48 0 0
4.49 0 0
4.5 0 0
4.51 0 0
4.52 0 0
4.53 0 0
4.54 0 0
4.55 0 0
4.56 0 0
4.57 0 0
4.58 0 0
4.59 0 0
4.6 0 0
4.61 0 0
4.62 0 0
4.63 0 0
4.64 0 0
4.65 0 0
4.66 0 0
4.67 0 0
4.68 0 0
4.69 0 0
4.7 0 0
4.71 0 0
4.72 0 0
4.73 0 0
4.74 0 0
4.75 0 0
4.76 0 0
4.77 0 0
4.78 0 0
4.79 0 0
4.8 0 0
4.81 0 0
4.82 0 0
4.83 0 0
4.84 0 0
4.85 0 0
4.86 0 0
4.87 0 0
4.88 0 0
4.89 0 0
4.9 0 0
4.91 0 0
4.92 0 0
4.93 0 0
4.94 0 0
4.95 0 0
4.96 0 0
4.97 0 0
4.98 0 0
4.99 0 0
5 0 0
5.01 0 0
5.02 0 0
5.03 0 0
5.04 0 0
5.05 0 0
5.06 0 0
5.07 0 0
5.08 0 0
5.09 0 0
5.1 0 0
5.11 0 0
5.12 0 0
5.13 0 0
5.14 0 0
5.15 0 0
5.16 0 0
5.17 0 0
5.18 0 0
5.19 0 0
5.2 0 0
5.21 0 0
5.22 0 0
5.23 0 0
5.24 0 0
5.25 0 0
5.26 0 0
5.27 0 0
5.28 0 0
5.29 0 0
5.3 0 0
5.31 0 0
5.32 0 0
5.33 0 0
5.34 0 0
5.35 0 0
5.36 0 0
5.37 0 0
5.38 0 0
5.39 0 0
5.4 0 0
5.41 0 0
5.42 0 0
5.43 0 0
5.44 0 0
5.45 0 0
5.46 0 0
5.47 0 0
5.48 0 0
5.49 0 0
5.5 0 0
5.51 0 0
5.52 0 0
5.53 0 0
5.54 0 0
5.55 0 0
5.56 0 0
5.57 0 0
5.58 0 0
5.59 0 0
5.6 0 0
5.61 0 0
5.62 0 0
5.63 0 0
5.64 0 0
5.65 0 0
5.66 0 0
5.67 0 0
5.68 0 0
5.69 0 0
5.7 0 0
5.71 0 0
5.72 0 0
5.73 0 0
5.74 0 0
5.75 0 0
5.76 0 0
5.77 0 0
5.78 0 0
5.79 0 0
5.8 0 0
5.81 0 0
5.82 0 0
5.83 0 0
5.84 0 0
5.85 0 0
5.86 0 0
5.87 0 0
5.88 0 0
5.89 0 0
5.9 0 0
5.91 0 0
5.92 0 0
5.93 0 0
5.94 0 0
5.95 0 0
5.96 0 0
5.97 0 0
5.98 0 0
5.99 0 0
6 0 0
6.01 0 0
6.02 0 0
6.03 0 0
6.04 0 0
6.05 0 0
6.06 0 0
6.07 0 0
6.08 0 0
6.09 0 0
6.1 0 0
6.11 0 0
6.12 0 0
6.13 0 0
6.14 0 0
6.15 0 0
6.16 0 0
6.17 0 0
6.18 0 0
6.19 0 0
6.2 0 0
6.21 0 0
6.22 0 0
6.23 0 0
6.24 0 0
6.25 0 0
6.26 0 0
6.27 0 0
6.28 0 0
6.29 0 0
6.3 0 0
6.31 0 0
6.32 0 0
6.33 0 0
6.34 0 0
6.35 0 0
6.36 0 0
6.37 0 0
6.38 0 0
6.39 0 0
6.4 0 0
6.41 0 0
6.42 0 0
6.43 0 0
6.44 0 0
6.45 0 0
6.46 0 0
6.47 0 0
6.48 0 0
6.49 0 0
6.5 0 0
6.51 0 0
6.52 0 0
6.53 0 0
6.54 0 0
6.55 0 0
6.56 0 0
6.57 0 0
6.58 0 0
6.59 0 0
6.6 0 0
6.61 0 0
6.62 0 0
6.63 0 0
6.64 0 0
6.65 0 0
6.66 0 0
6.67 0 0
6.68 0 0
6.69 0 0
6.7 0 0
6.71 0 0
6.72 0 0
6.73 0 0
6.74 0 0
6.75 0 0
6.76 0 0
6.77 0 0
6.78 0 0
6.79 0 0
6.8 0 0
6.81 0 0
6.82 0 0
6.83 0 0
6.84 0 0
6.85 0 0
6.86 0 0
6.87 0 0
6.88 0 0
6.89 0 0
6.9 0 0
6.91 0 0
6.92 0 0
6.93 0 0
6.94 0 0
6.95 0 0
6.96 0 0
6.97 0 0
6.98 0 0
6.99 0 0
7 0 0
7.01 0 0
7.02 0 0
7.03 0 0
7.04 0 0
7.05 0 0
7.06 0 0
7.07 0 0
7.08 0 0
7.09 0 0
7.1 0 0
7.11 0 0
7.12 0 0
7.13 0 0
7.14 0 0
7.15 0 0
7.16 0 0
7.17 0 0
7.18 0 0
7.19 0 0
7.2 0 0
7.21 0 0
7.22 0 0
7.23 0 0
7.24 0 0
7.25 0 0
7.26 0 0
7.27 0 0
7.28 0 0
7.29 0 0
7.3 0 0
7.31 0 0
7.32 0 0
7.33 0 0
7.34 0 0
7.35 0 0
7.36 0 0
7.37 0 0
7.38 0 0
7.39 0 0
7.4 0 0
7.41 0 0
7.42 0 0
7.43 0 0
7.44 0 0
7.45 0 0
7.46 0 0
7.47 0 0
7.48 0 0
7.49 0 0
7.5 0 0
7.51 0 0
7.52 0 0
7.53 0 0
7.54 0 0
7.55 0 0
7.56 0 0
7.57 0 0
7.58 0 0
7.59 0 0
7.6 0 0
7.61 0 0
7.62 0 0
7.63 0 0
7.64 0 0
7.65 0 0
7.66 0 0
7.67 0 0
7.68 0 0
7.69 0 0
7.7 0 0
7.71 0 0
7.72 0 0
7.73 0 0
7.74 0 0
7.75 0 0
7.76 0 0
7.77 0 0
7.78 0 0
7.79 0 0
7.8 0 0
7.81 0 0
7.82 0 0
7.83 0 0
7.84 0 0
7.85 0 0
7.86 0 0
7.87 0 0
7.88 0 0
7.89 0 0
7.9 0 0
7.91 0 0
7.92 0 0
7.93 0 0
7.94 0 0
7.95 0 0
7.96 0 0
7.97 0 0
7.98 0 0
7.99 0 0
8 0 0
8.01 0 0
8.02 0 0
8.03 0 0
8.04 0 0
8.05 0 0
8.06 0 0
8.07 0 0
8.08 0 0
8.09 0 0
8.1 0 0
8.11 0 0
8.12 0 0
8.13 0 0
8.14 0 0
8.15 0 0
8.16 0 0
8.17 0 0
8.18 0 0
8.19 0 0
8.2 0 0
8.21 0 0
8.22 0 0
8.23 0 0
8.24 0 0
8.25 0 0
8.26 0 0
8.27 0 0
8.28 0 0
8.29 0 0
8.3 0 0
8.31 0 0
8.32 0 0
8.33 0 0
8.34 0 0
8.35 0 0
8.36 0 0
8.37 0 0
8.38 0 0
8.39 0 0
8.4 0 0
8.41 0 0
8.42 0 0
8.43 0 0
8.44 0 0
8.45 0 0
8.46 0 0
8.47 0 0
8.48 0 0
8.49 0 0
8.5 0 0
8.51 0 0
8.52 0 0
8.53 0 0
8.54 0 0
8.55 0 0
8.56 0 0
8.57 0 0
8.58 0 0
8.59 0 0
8.6 0 0
8.61 0 0
8.62 0 0
8.63 0 0
8.64 0 0
8.65 0 0
8.66 0 0
8.67 0 0
8.68 0 0
8.69 0 0
8.7 0 0
8.71 0 0
8.72 0 0
8.73 0 0
8.74 0 0
8.75 0 0
8.76 0 0
8.77 0 0
8.78 0 0
8.79 0 0
8.8 0 0
8.81 0 0
8.82 0 0
8.83 0 0
8.84 0 0
8.85 0 0
8.86 0 0
8.87 0 0
8.88 0 0
8.89 0 0
8.9 0 0
8.91 0 0
8.92 0 0
8.93 0 0
8.94 0 0
8.95 0 0
8.96 0 0
8.97 0 0
8.98 0 0
8.99 0 0
9 0 0
9.01 0 0
9.02 0 0
9.03 0 0
9.04 0 0
9.05 0 0
9.06 0 0
9.07 0 0
9.08 0 0
9.09 0 0
9.1 0 0
9.11 0 0
9.12 0 0
9.13 0 0
9.14 0 0
9.15 0 0
9.16 0 0
9.17 0 0
9.18 0 0
9.19 0 0
9.2 0 0
9.21 0 0
9.22 0 0
9.23 0 0
9.24 0 0
9.25 0 0
9.26 0 0
9.27 0 0
9.28 0 0
9.29 0 0
9.3 0 0
9.31 0 0
9.32 0 0
9.33 0 0
9.34 0 0
9.35 0 0
9.36 0 0
9.37 0 0
9.38 0 0
9.39 0 0
9.4 0 0
9.41 0 0
9.42 0 0
9.43 0 0
9.44 0 0
9.45 0 0
9.46 0 0
9.47 0 0
9.48 0 0
9.49 0 0
9.5 0 0
9.51 0 0
9.52 0 0
9.53 0 0
9.54 0 0
9.55 0 0
9.56 0 0
9.57 0 0
9.58 0 0
9.59 0 0
9.6 0 0
9.61 0 0
9.62 0 0
9.63 0 0
9.64 0 0
9.65 0 0
9.66 0 0
9.67 0 0
9.68 0 0
9.69 0 0
9.7 0 0
9.71 0 0
9.72 0 0
9.73 0 0
9.74 0 0
9.75 0 0
9.76 0 0
9.77 0 0
9.78 0 0
9.79 0 0
9.8 0 0
9.81 0 0
9.82 0 0
9.83 0 0
9.84 0 0
9.85 0 0
9.86 0 0
9.87 0 0
9.88 0 0
9.89 0 0
9.9 0 0
9.91 0 0
9.92 0 0
9.93 0 0
9.94 0 0
9.95 0 0
9.96 0 0
9.97 0 0
9.98 0 0
9.99 0 0
10 0 0
10.01 0 0
10.02 0 0
10.03 0 0
10.04 0 0
10.05 0 0
10.06 0 0
10.07 0 0
10.08 0 0
10.09 0 0
10.1 0 0
10.11 0 0
10.12 0 0
10.13 0 0
10.14 0 0
10.15 0 0
10.16 0 0
10.17 0 0
10.18 0 0
10.19 0 0
10.2 0 0
10.21 0 0
10.22 0 0
10.23 0 0
10.24 0 0
10.25 0 0
10.26 0 0
10.27 0 0
10.28 0 0
10.29 0 0
10.3 0 0
10.31 0 0
10.32 0 0
10.33 0 0
10.34 0 0
10.35 0 0
10.36 0 0
10.37 0 0
10.38 0 0
10.39 0 0
10.4 0 0
10.41 0 0
10.42 0 0
10.43 0 0
10.44 0 0
10.45 0 0
10.46 0 0
10.47 0 0
10.48 0 0
10.49 0 0
10.5 0 0
10.51 0 0
10.52 0 0
10.53 0 0
10.54 0 0
10.55 0 0
10.56 0 0
10.57 0 0
10.58 0 0
10.59 0 0
10.6 0 0
10.61 0 0
10.62 0 0
10.63 0 0
10.64 0 0
10.65 0 0
10.66 0 0
10.67 0 0
10.68 0 0
10.69 0 0
10.7 0 0
10.71 0 0
10.72 0 0
10.73 0 0
10.74 0 0
10.75 0 0
10.76 0 0
10.77 0 0
10.78 0 0
10.79 0 0
10.8 0 0
10.81 0 0
10.82 0 0
10.83 0 0
10.84 0 0
10.85 0 0
10.86 0 0
10.87 0 0
10.88 0 0
10.89 0 0
10.9 0 0
10.91 0 0
10.92 0 0
10.93 0 0
10.94 0 0
10.95 0 0
10.96 0 0
10.97 0 0
10.98 0 0
10.99 0 0
11 0 0
11.01 0 0
11.02 0 0
11.03 0 0
11.04 0 0
11.05 0 0
11.06 0 0
11.07 0 0
11.08 0 0
11.09 0 0
11.1 0 0
11.11 0 0
11.12 0 0
11.13 0 0
11.14 0 0
11.15 0 0
11.16 0 0
11.17 0 0
11.18 0 0
11.19 0 0
11.2 0 0
11.21 0 0
11.22 0 0
11.23 0 0
11.24 0 0
11.25 0 0
11.26 0 0
11.27 0 0
11.28 0 0
11.29 0 0
11.3 0 0
11.31 0 0
11.32 0 0
11.33 0 0
11.34 0 0
11.35 0 0
11.36 0 0
11.37 0 0
11.38 0 0
11.39 0 0
11.4 0 0
11.41 0 0
11.42 0 0
11.43 0 0
11.44 0 0
11.45 0 0
11.46 0 0
11.47 0 0
11.48 0 0
11.49 0 0
11.5 0 0
11.51 0 0
11.52 0 0
11.53 0 0
11.54 0 0
11.55 0 0
11.56 0 0
11.57 0 0
11.58 0 0
11.59 0 0
11.6 0 0
11.61 0 0
11.62 0 0
11.63 0 0
11.64 0 0
11.65 0 0
11.66 0 0
11.67 0 0
11.68 0 0
11.69 0 0
11.7 0 0
11.71 0 0
11.72 0 0
11.73 0 0
11.74 0 0
11.75 0 0
11.76 0 0
11.77 0 0
11.78 0 0
11.79 0 0
11.8 0 0
11.81 0 0
11.82 0 0
11.83 0 0
11.84 0 0
11.85 0 0
11.86 0 0
11.87 0 0
11.88 0 0
11.89 0 0
11.9 0 0
11.91 0 0
11.92 0 0
11.93 0 0
11.94 0 0
11.95 0 0
11.96 0 0
11.97 0 0
11.98 0 0
11.99 0 0
12 0 0
12.01 0 0
12.02 0 0
12.03 0 0
12.04 0 0
12.05 0 0
12.06 0 0
12.07 0 0
12.08 0 0
12.09 0 0
12.1 0 0
12.11 0 0
12.12 0 0
12.13 0 0
12.14 0 0
12.15 0 0
12.16 0 0
12.17 0 0
12.18 0 0
12.19 0 0
12.2 0 0
12.21 0 0
12.22 0 0
12.23 0 0
12.24 0 0
12.25 0 0
12.26 0 0
12.27 0 0
12.28 0 0
12.29 0 0
12.3 0 0
12.31 0 0
12.32 0 0
12.33 0 0
12.34 0 0
12.35 0 0
12.36 0 0
12.37 0 0
12.38 0 0
12.39 0 0
12.4 0 0
12.41 0 0
12.42 0 0
12.43 0 0
12.44 0 0
12.45 0 0
12.46 0 0
12.47 0 0
12.48 0 0
12.49 0 0
12.5 0 0
12.51 0 0
12.52 0 0
12.53 0 0
12.54 0 0
12.55 0 0
12.56 0 0
12.57 0 0
12.58 0 0
12.59 0 0
12.6 0 0
12.61 0 0
12.62 0 0
12.63 0 0
12.64 0 0
12.65 0 0
12.66 0 0
12.67 0 0
12.68 0 0
12.69 0 0
12.7 0 0
12.71 0 0
12.72 0 0
12.73 0 0
12.74 0 0
12.75 0 0
12.76 0 0
12.77 0 0
12.78 0 0
12.79 0 0
12.8 0 0
12.81 0 0
12.82 0 0
12.83 0 0
12.84 0 0
12.85 0 0
12.86 0 0
12.87 0 0
12.88 0 0
12.89 0 0
12.9 0 0
12.91 0 0
12.92 0 0
12.93 0 0
12.94 0 0
12.95 0 0
12.96 0 0
12.97 0 0
12.98 0 0
12.99 0 0
13 0 0
13.01 0 0
13.02 0 0
13.03 0 0
13.04 0 0
13.05 0 0
13.06 0 0
13.07 0 0
13.08 0 0
13.09 0 0
13.1 0 0
13.11 0 0
13.12 0 0
13.13 0 0
13.14 0 0
13.15 0 0
13.16 0 0
13.17 0 0
13.18 0 0
13.19 0 0
13.2 0 0
13.21 0 0
13.22 0 0
13.23 0 0
13.24 0 0
13.25 0 0
13.26 0 0
13.27 0 0
13.28 0 0
13.29 0 0
13.3 0 0
13.31 0 0
13.32 0 0
13.33 0 0
13.34 0 0
13.35 0 0
13.36 0 0
13.37 0 0
13.38 0 0
13.39 0 0
13.4 0 0
13.41 0 0
13.42 0 0
13.43 0 0
13.44 0 0
13.45 0 0
13.46 0 0
13.47 0 0
13.48 0 0
13.49 0 0
