3.5163748953806473e-05 -2.0487887564701879e-05 -4.9166081217893749e-05
-1.7194588929126439e-05 9.9391973996739054e-06 3.4690953424859877e-05
-8.6881025072041906e-07 8.0709964767836789e-07 -6.5566333747710433e-06
-1.7241064304670943e-05 9.9046154957791593e-06 3.4602735211507456e-05
-1.1418297520358737e-06 3.5960670798952654e-07 -3.6988206825847199e-06
3.5258140645193226e-05 -2.018951162141569e-05 -4.9224461705865436e-05
-1.7272104340867089e-05 9.8812810062085324e-06 3.4721689726134857e-05
-1.0628416621231594e-06 5.7883919626910973e-07 -6.4970135830355775e-06
3.5102904583361738e-05 -2.0330546630531465e-05 -4.918757771675249e-05
-1.7208112667146393e-05 9.953102741333715e-06 3.4774520328617869e-05
-7.9545910571882312e-07 4.8800015307794847e-07 -5.8826376585535863e-06
3.5012909518072899e-05 -2.0129901221022095e-05 -4.9195894481390574e-05
-2.6941240875813272e-06 1.7167195442285843e-06 5.3812107279469033e-05
-2.0498011500143102e-06 -4.4067238387195248e-06 -1.2581567740335003e-08
-1.6451626835626654e-05 9.30245586826077e-06 2.3472669699936641e-05
-1.6327186620752659e-05 9.6657963606595551e-06 2.3458501441786603e-05
-2.3018359892296278e-06 1.1756281315319916e-06 5.3133935621527215e-05
2.1627266180851423e-06 4.3600211149172341e-06 2.4604778694676567e-06
-2.609301742621925e-06 2.1226080248728726e-06 5.3708720551734566e-05
4.3374319736594753e-06 -3.2488029085801372e-06 1.5188022196494823e-06
-1.623437426682636e-05 9.3336443195450244e-06 2.3430760403570037e-05
-2.9909814503675065e-06 1.1104130023284302e-06 5.2313027632830498e-05
9.0328598235123203e-08 6.735783019724698e-07 2.0594520020373631e-06
-1.6358824149575362e-05 9.5095484058272534e-06 2.3506238550774581e-05
