4.0850393024899345e-05 -2.3948038915401482e-05 2.8264625581309044e-05
-1.74095276065848e-05 1.0141513832230206e-05 2.7534982693137866e-05
-2.4317570650859727e-06 2.0341503641834943e-06 -4.9379851023698129e-05
-1.773508456844779e-05 1.010993537428834e-05 2.6551927076276516e-05
-3.8643711395383346e-06 1.5842497373946135e-06 -4.9229608112252854e-05
4.2022563520422232e-05 -2.4076039730536181e-05 2.8127534536070975e-05
-1.8035072678006313e-05 1.0315323709184782e-05 2.8607047139139752e-05
-7.2820918072180802e-06 3.023134244085901e-06 -4.947220282997683e-05
4.4613457721442984e-05 -2.4490198595072954e-05 2.8413085901790591e-05
-1.7824140068275335e-05 1.045826202567381e-05 2.9290522572542055e-05
-5.797441959409864e-06 4.4692491528754152e-06 -4.9311023341318261e-05
4.3378612676336914e-05 -2.6264781607054921e-05 2.8484949992968467e-05
-5.1964443550579125e-06 2.5920938548501526e-06 -2.4108600646499667e-05
1.9728550369290938e-05 -2.4411646167292749e-05 -3.5667491785185135e-05
-1.7467814775778056e-05 9.7729925639779627e-06 8.4657742556754068e-05
-1.6592115907905459e-05 9.9093427687628119e-06 8.441406052074607e-05
-4.5666292337737113e-06 3.1076340786181933e-06 -1.9701778707137407e-05
5.0429469100505539e-05 -1.6075039396387788e-05 -3.5700056387061307e-05
-5.4134432854527348e-06 3.3978115136848452e-06 -1.3445042569504295e-05
-1.5351296592947938e-05 3.1303179674251383e-05 -3.5879927330034755e-05
-1.8464652661801114e-05 1.1403061049735687e-05 8.3667037980197922e-05
-6.0047699224725568e-06 3.2375138122459068e-06 -1.5761786017698398e-05
-4.6074661034989719e-05 4.1931435277187817e-06 -3.618717416650763e-05
-1.9327095077361918e-05 1.0414376304639615e-05 8.3948843499805081e-05
