3.6658482438063633e-05 -2.1733880964519559e-05 1.3383659803190007e-05
-1.5843874774725236e-05 9.2841787208515145e-06 1.9057483441206613e-05
-1.0324453689945995e-07 1.2767140685262385e-06 -6.3724369622666921e-05
-1.6173121595183706e-05 9.2383302192893674e-06 1.6987517101316185e-05
-2.7263040322843073e-06 3.7466575273596009e-07 -6.3303089140688551e-05
3.8392138566342368e-05 -2.1752302987287919e-05 1.3176562226185906e-05
-1.6803409103069206e-05 9.5431438283930838e-06 2.0862526014374383e-05
-8.8603964155082953e-06 3.1671044729026515e-06 -6.3786138855541352e-05
4.1960894774817348e-05 -2.2566893993158921e-05 1.36716271421089e-05
-1.6501970777383593e-05 9.6583229406720962e-06 2.1982689152370838e-05
-6.1526670502038013e-06 5.5496045419144505e-06 -6.5869052463071731e-05
4.0224572178670925e-05 -2.4843015403064328e-05 1.375363669839369e-05
-4.1242333122050489e-06 2.1983289911764459e-06 -2.9546524991097556e-06
2.9096565032251667e-05 -3.5082099797990049e-05 -5.0010971149316852e-05
-1.8342034815440863e-05 1.021710145982218e-05 0.00010810269469282291
-1.7378536666901967e-05 1.0440070403537616e-05 0.00010781201641154453
-3.881002605368028e-06 2.3508423814128099e-06 2.2661941700974353e-06
7.2375657194434869e-05 -2.3512101792229757e-05 -5.036740064709444e-05
-4.2905855713384899e-06 2.5231651014645529e-06 1.0046297350019273e-05
-2.0385490508630541e-05 4.3444903916378284e-05 -4.8708078431242141e-05
-1.920650757210123e-05 1.1904813438303775e-05 0.0001071907091280272
-4.4856947333074852e-06 2.5421493501931458e-06 7.144081681786929e-06
-6.3590267442406091e-05 5.0438341624454291e-06 -5.0557478492918584e-05
-2.0255638927126431e-05 1.0826108105185632e-05 0.00010729999051979633
