4.2765458959638885e-06 -1.2259007550280421e-05 3.7586360954046209e-06
-2.0168719350301291e-05 -2.7186501282682309e-05 1.64955203733534e-05
2.5943551748934144e-05 2.9129380010890944e-05 1.8191498494697211e-05
3.4185833495238051e-05 1.5797422437680009e-06 4.2371422935838076e-05
5.8930588354155766e-06 -2.1578418342435741e-05 2.3186571782372444e-05
-1.7627559273672606e-05 1.4757175064606591e-05 -2.4002416178554257e-05
3.0093035759997527e-05 -1.5654884589295513e-05 6.4993536297223813e-06
1.4440159939121955e-05 3.8576567055415012e-05 -1.0068784677586158e-06
-2.0728701811083493e-08 -2.9136207770372874e-05 -6.6197784770916264e-06
-8.2049252817021112e-06 -1.2114497358252374e-05 8.8302270116915986e-06
7.2872382012327344e-06 6.2801708805515157e-06 6.7690878144447374e-06
4.9736723105063733e-06 1.1370575708391137e-06 2.6418339479038471e-05
7.0826044618030742e-06 1.5283087848149161e-05 -2.6171540916807186e-06
-7.8352867573290184e-06 2.0982266852538747e-05 -1.0849397395786258e-05
1.4609945679670486e-06 -2.1691111250846107e-05 2.6252277244455304e-05
-2.6494583129366145e-06 1.597100470681137e-05 6.9833056945025999e-06
1.9235920830456416e-05 -1.0209150836795917e-05 1.1731887431408374e-05
2.4111470178366811e-05 7.5896529906152588e-06 1.4206443048157737e-05
7.9069614701277047e-06 6.8390900156734837e-06 3.5863108245244493e-05
1.4231742363390724e-05 5.9409311045748037e-06 2.2337968277525745e-06
-9.7519896264295323e-06 -1.0488780113067364e-05 -9.9556398957469268e-06
2.5858819564517077e-05 -6.2620009609881677e-06 1.025819593833974e-05
8.8872051801185126e-06 -3.5106180512438356e-06 3.9044552228948131e-05
-7.0424351277069419e-06 -2.0031325796643351e-05 8.7765072316887786e-06
-1.3050690814056301e-05 4.6825462679672691e-06 1.7310436862153205e-05
4.0552593847525964e-06 3.0508688346787827e-06 3.0860428980984591e-05
-1.4608558191517025e-07 -9.0761172529885744e-07 -4.5803010391373168e-06
-2.0545635633223425e-06 -6.5476263397812318e-06 1.3335248409131108e-05
7.5041839021523782e-06 2.2148043417602459e-06 6.585615968336591e-06
-3.9411977861662784e-06 -7.9464814622243044e-06 1.9497073957194366e-05
3.2049257352503163e-06 -2.4061815023013189e-05 1.1866758396490273e-05
-1.0767571460930511e-05 -1.3582610473165013e-05 1.5890237689674975e-05
8.0488479319392641e-06 2.338622983183436e-06 -4.4212356619635802e-06
1.1390261983078472e-05 -8.7347674961775479e-06 2.7941121874361808e-05
7.5059423715025456e-06 -1.8094222655972835e-05 -1.7794729425982085e-06
1.147156466043656e-05 -1.504148104511675e-05 6.4898956372455054e-06
-3.4884261089487487e-06 -1.7230903579367601e-06 7.5748591938169969e-06
8.6226678532743732e-06 -5.4904540557319272e-06 -9.7116650195233113e-06
-1.5057518025100207e-05 -7.3411444954244245e-06 2.8898024101021817e-06
1.2663336138542606e-06 -1.6685021909253932e-05 1.1442016599895032e-05
-2.5756291860314818e-06 -2.4874075261333006e-07 -2.6613917808752593e-07
1.8971198460023702e-06 -1.2824527775248673e-05 1.4973100468522547e-05
1.3215634625893952e-05 9.1836331570921415e-06 2.212811771273469e-05
3.8418891300610717e-06 2.5885720909422423e-07 6.0485758690592868e-06
1.2565534395287542e-05 5.4529231757645402e-06 1.6140049616436818e-05
8.0671229350001272e-07 2.3560172433319845e-05 1.3659290116550642e-06
7.4697900725648187e-07 4.3701512866155734e-06 -4.3413065727829388e-06
-5.4266241601702158e-06 3.7861220747803861e-06 5.3320827352386184e-06
1.6772693812467915e-05 -1.0508538529065751e-05 5.3855450638479012e-06
2.4381443968515132e-05 -7.3047095071471224e-06 1.1700814460292083e-05
7.6254101828834068e-06 3.8455438020612576e-06 4.1293169825390268e-06
-8.5032871729098921e-06 5.9541609847189002e-06 -1.0930972347894183e-07
1.1439650628369173e-05 1.5591104363486013e-05 1.3561678148458437e-05
3.7927022804797213e-06 2.7558586197976813e-05 -2.4948174202028568e-05
1.7545600330404199e-05 1.3703663986897041e-06 1.3295630851559766e-05
3.8710249072141127e-06 -4.2087881526264804e-06 -2.5562036583726307e-06
-4.4601476192097922e-06 -1.4376001802145211e-06 1.1233184361675048e-05
-5.5946585379232361e-06 -6.5531146510737536e-06 -3.683124472999167e-06
4.0148845540386458e-06 4.8757655614073414e-06 2.8893216183842416e-05
-8.4743294565511927e-06 3.715396583884277e-06 2.4584685192915231e-05
-5.8155543488525724e-06 1.9365217401659529e-06 1.032595679003722e-06
-4.6200525398373826e-06 4.1480435305080166e-06 -2.5606420420210864e-06
1.2126585139864837e-05 -2.2601261393463863e-05 -7.0040702874617396e-06
4.0958445328601045e-05 3.4429213656220203e-06 -1.2380149594929963e-05
-7.4801927615608665e-06 -3.9308206518512412e-06 -4.5113413122519104e-06
-9.0502045021392113e-06 -2.080180885152827e-05 8.3977296811833628e-06
1.0497625726487055e-05 -1.0462271324840344e-05 5.934437546646458e-07
-7.2428070395771828e-06 3.7844386715210395e-06 2.3455307195291691e-05
3.5609696622692505e-05 -1.5353214127891701e-05 2.0384359490292596e-06
2.7131541956999936e-06 -8.5766141947815622e-06 5.7993371471057147e-06
-2.2396489459061657e-06 -6.2775228998872973e-06 1.819598827563617e-06
4.5354071757895686e-06 -2.7236032219272316e-05 -2.3038366520990606e-05
9.3991610371005341e-06 -4.1997894573170963e-06 -2.4977652477871891e-06
1.2296806773426553e-06 -9.5431023904459211e-06 1.2114725872098674e-05
2.4173045270713123e-06 2.8879196366928678e-05 9.4095543758244797e-06
2.7566822364791417e-06 -1.2645162682494576e-06 8.1124431328253623e-06
-2.4305026559143602e-05 -3.7947484983133495e-07 7.6439628789479012e-06
-1.4101527287112281e-05 -8.0265982718222273e-06 -1.9545751839593773e-05
1.1925337446254403e-06 1.7392128090355785e-05 1.1747741639020048e-05
-5.6985745120578801e-06 -3.2431986420932216e-06 1.9042434760414666e-06
-1.5057672245219304e-06 -1.992362247856547e-05 2.9850033662907633e-05
2.4721932092589861e-05 -1.3782296882442293e-05 5.0297269175493022e-06
-1.1940228198236563e-05 2.6346880978252163e-05 -1.9013858145783182e-05
-1.1832495324702944e-06 -2.612814033353672e-05 -8.3113971291923737e-06
-5.0551172854889498e-06 1.4802583602258057e-05 1.9271315673221028e-05
3.9064129747616735e-06 -1.7347831882993936e-05 6.8237116788850798e-06
-2.8549064722827033e-05 -2.4205874454591436e-05 5.4182829223553379e-06
-1.0786496462723838e-06 -1.0454924256629583e-05 2.5004177984999914e-05
-1.1381897088184531e-05 -5.7267944365141377e-07 2.9825133928916819e-05
2.6941274945402327e-06 -1.2330314407040617e-05 4.1538621601003561e-05
2.125527523390465e-05 1.120511656132854e-05 1.8108189930084433e-05
-6.592983374538626e-06 2.8878360641358333e-05 2.1976638938457204e-05
-1.586449527892636e-05 -1.3420672942056344e-05 6.3932273801320209e-06
-5.3241912325410314e-06 9.2220738758808096e-06 3.2190887852330801e-05
-2.0073180765992936e-05 6.4084169736817895e-06 3.0323118421614597e-05
2.2714789845416718e-06 -1.3959334845061488e-05 -2.1579730887275484e-05
-2.0573919137373275e-06 1.0170734773301549e-05 1.0217472701457269e-05
-1.1157141399948528e-05 1.4913799973374081e-05 2.956053167683893e-05
-1.6462987345235158e-05 2.4001570981847797e-06 3.5503327690987723e-05
-1.889592289717329e-05 1.0799967697245824e-05 1.3796878189992461e-05
-2.142732014503165e-05 1.8294443241880995e-05 1.9800037336633724e-05
-4.2115713479069783e-06 2.8888141350748298e-06 8.1811426533256841e-06
-7.6842382677570764e-06 5.1909016330342617e-06 -1.3076977218224196e-05
-2.2973119359513076e-05 1.1808894492137782e-05 1.6449554217711198e-05
-1.492393751004531e-05 9.0578583393213091e-06 4.1387749048107762e-06
-1.5762940584281417e-05 1.4151418741427404e-05 1.3631018266037614e-05
-1.9179411187977141e-05 1.8699839433380938e-05 1.8631215409306134e-05
9.6152947150485168e-06 -3.8352163980667764e-06 -1.6029628316004563e-05
-1.1118513941194355e-05 1.226733150285278e-05 6.4303773466517326e-06
2.4653607464978841e-06 2.3451936800389286e-05 2.3113548402623179e-05
-2.3091205425535347e-05 1.3215023301555578e-05 2.7676395053740071e-05
-5.0901768918996948e-06 1.9249482066368423e-05 7.5162211391091409e-06
4.2767288310763263e-07 -3.7301363392805431e-06 1.0187814358654772e-05
4.057579208476339e-06 6.9773006786816305e-06 1.5033921516759401e-05
-1.8884754573178508e-06 1.5687339082201893e-05 2.1482781307053094e-05
1.6990028891146601e-05 1.6046863253358169e-05 -1.7932451486940299e-05
2.9247937696113072e-06 -1.8657548701145332e-05 -1.9904563686755101e-05
-3.3949131367814274e-05 -1.5819496818984816e-05 -2.0453577642171213e-06
2.8230636215889615e-05 -3.2054199337321065e-05 -1.9621849113530838e-05
-1.2517444030154644e-05 4.9511858297868888e-06 -1.4756467756231201e-05
-1.4532785443048535e-05 -7.1759848648683677e-07 2.7489919204473287e-05
-1.0213498240516788e-05 -6.312519913617004e-06 3.007849725835364e-05
1.4977590596876311e-05 -1.4027895300635501e-05 2.322892190241739e-05
1.5473719398959029e-05 1.2432556834366532e-05 -7.1142191932164339e-06
1.2648459330688588e-05 -1.6912706661931232e-05 1.8157065913152956e-05
1.0858114198869707e-05 1.033500880938111e-05 1.6974218984970244e-05
2.4441061427096176e-06 -4.4353974813693322e-06 1.9804853917749013e-05
-5.7138902655783433e-06 2.1679930230396327e-07 2.9396911680605251e-05
-6.9976088110154503e-06 3.5332436293020707e-06 1.5049506692238132e-05
-1.431347481992769e-05 -4.1647676782066712e-06 1.6042565203889733e-05
-1.1747829611831375e-05 -1.8464911595991989e-05 4.3256630889356579e-06
2.3713915647673644e-05 -2.0399066397269565e-06 4.104282526461861e-07
8.3282484866259616e-06 -8.3085654850145567e-06 -5.9109321376305674e-06
5.617379127189743e-06 1.7637743383436928e-05 1.3536875981771251e-06
-1.7508436720502598e-07 1.0913888208242614e-05 7.7134556296740847e-06
-1.0637178095324919e-05 8.9050061102372588e-06 1.0647283243266428e-05
4.0106230696501655e-06 3.6342261379440632e-06 -4.1923139073498511e-06
-4.1729291260798797e-06 -2.55490875834684e-05 9.952881562889232e-07
8.039046421422745e-06 8.6910857994768054e-08 -5.3403531813465271e-06
-1.157313153736495e-05 6.5208783968030877e-06 3.6068292595149709e-07
4.6870695141539021e-05 -1.8243618990953364e-05 -5.0599605714770138e-05
6.6700595279238495e-05 3.4406512022265578e-05 3.4326505787050585e-05
-1.2663570065393759e-05 -5.1976973026099382e-06 -5.6352982993456563e-06
-1.3780046783141529e-05 3.5690650324222972e-07 -3.5557149429456952e-06
-3.9687697484108719e-06 1.8621906580237879e-05 -1.6201277660958004e-05
-1.5534315185004172e-05 -2.4570830939860122e-05 -1.2537653186693067e-05
-2.2856629365575198e-07 1.4977354168312085e-05 -1.1152650321964198e-05
3.0923039325073121e-05 9.9388437200809143e-06 -1.0165821044697855e-05
-2.1867757140965442e-05 -1.0401313231794829e-05 -8.0337522322506197e-06
-1.386660839212267e-06 -2.8253848440738458e-05 1.481204457172338e-05
3.8167349111564719e-06 -3.3812503185191682e-06 1.2315887602350716e-05
3.9594163711142299e-06 -2.7734127136720167e-05 -1.8739486617735078e-05
-6.2907380527221779e-06 -6.8223821809848539e-06 1.6492926509757699e-08
1.8044572795389291e-05 -1.0462588712262244e-05 -6.9096155590284841e-07
-1.3952075248534201e-05 -1.2738245585980357e-06 1.2505338428509503e-05
-1.8010886394460163e-05 -4.3452512687447431e-06 1.4052151076562359e-05
-2.9609820824659538e-05 3.8929034531332376e-06 3.1978411627079859e-06
-5.8434223180002089e-06 -4.7310129267544849e-05 -1.086019978971571e-06
5.4157650820896297e-07 1.0718769207794521e-05 6.0189552100178498e-06
-2.8557266750275708e-05 -5.8601733265069554e-06 -1.3009934919359402e-05
-1.0876097674743235e-05 -1.2862785324925519e-05 -5.776479280282e-06
1.4510847255268244e-05 -2.4761938188296029e-05 1.1142217121415908e-05
-1.5527433429744775e-05 -9.2125808134474463e-06 -7.956540182972073e-06
1.0624282438277503e-05 -2.0482634085827733e-05 -8.6495685072277353e-06
-1.3583717988403637e-05 2.2268714557676359e-05 1.9786268232703345e-05
2.783421938026831e-05 1.3681236714579992e-05 1.3020583075006552e-05
1.3662893043886459e-06 -1.1680207973485679e-05 4.177893467021028e-06
-1.2135124339709459e-05 9.4590017724952014e-06 4.3719514276818403e-06
-4.2819970434010424e-07 1.8340568826026582e-05 -1.7232334734784867e-05
2.7705160716962694e-05 9.6037243926122562e-06 1.4228796363912992e-05
2.7291702454109021e-06 2.4166572727603297e-05 7.4312528442182363e-07
-8.6831272797134595e-07 -1.3959049486048092e-05 -1.3667069139148592e-05
1.2740126462185142e-05 -1.0226686972170454e-05 -1.8886791572506403e-06
-1.7022146853437614e-05 -2.6010720444412383e-06 -1.9071231456644494e-07
1.2613628433910673e-05 2.2704078812052497e-05 1.0035192242448775e-05
-1.6396770875143352e-05 -4.3128869993969143e-06 -5.4844848121357939e-06
-9.8299199018323782e-06 -3.7755777715781091e-06 -5.8398607427753366e-06
1.5587226034799149e-05 -6.4098940972118212e-06 -1.1045197335191916e-05
3.3167126592112406e-05 4.2274981678358525e-06 -1.6365973433894211e-05
9.0894495905075035e-06 -6.2108788824177807e-06 -1.6469348899848975e-05
2.04201250356469e-06 -6.8331321872484863e-08 1.0665864038926325e-05
-3.6144758915820918e-06 1.4765726020521397e-05 -8.4742539697849409e-06
1.8312547988799666e-05 -1.2424051429704708e-05 -1.550831036180398e-05
-4.419815649137071e-06 -5.9364529032962521e-06 -1.160603161030286e-05
9.8312171351866429e-06 2.0525285803388305e-05 1.1465028018713651e-05
-1.0849971492547491e-05 -8.7517137342669141e-06 -1.9073752288928728e-06
2.9621183560701869e-06 -7.7098214872851553e-06 7.3148538348851919e-06
6.3066365316295043e-06 -8.7828561796468585e-06 -8.7405838336438932e-06
2.0170755353530539e-05 -6.1941698995116859e-06 -2.581027412463556e-06
2.8189237289646375e-07 8.6092681077151164e-06 4.6132678375018429e-06
1.131438687534235e-05 -6.6896301015899281e-06 1.6770919069983466e-05
-6.9336540794162627e-06 -7.7934586580957407e-06 3.0075803760650985e-06
-6.6634471139075447e-06 -6.606516632701176e-06 -1.592693884590584e-05
2.1702184381126866e-05 3.3920863826142345e-07 -3.8228727835395646e-06
-2.4017481206482522e-05 1.2643175923178485e-06 -1.1290663449782697e-05
3.6764282671452816e-06 -6.1941264185671856e-06 -9.9675741553105837e-06
1.2927894627114828e-05 -1.8710624856591723e-05 -1.597706612435721e-05
-4.9257639009479479e-06 -3.9439852235713044e-06 -1.4213178463452249e-05
-1.0022286735272834e-05 9.9600779518149718e-06 -5.7796987049567664e-06
3.0505083690596235e-06 -1.7437560441660449e-05 2.8557427820116374e-06
-4.1813246236810375e-06 3.5651034253902925e-07 -8.9786264652483641e-06
1.2071585922209839e-06 -1.1740045912255219e-05 -9.1395629560403133e-06
5.7736152548198971e-06 -3.2493239416203634e-06 -1.629676257261601e-05
-9.4090500069657357e-06 6.5206718295289512e-06 -1.2881591042201469e-05
-4.0716150242481319e-06 -3.0688041093573926e-06 -1.718971173571629e-07
-7.670843308561423e-07 -8.8402491313552788e-06 -8.7534336730950638e-06
-1.2318978378084156e-06 4.3476973265038632e-06 -1.7238495798877797e-05
1.7809612394559249e-06 1.0854781686095438e-05 -1.4233453776804107e-05
1.557333268986471e-06 1.4280843985934084e-05 1.3763594813856125e-06
-8.711999482751559e-06 -1.6530812209335222e-05 1.0179212252102963e-05
-1.8382883791301374e-06 3.904223103812221e-06 -1.7476026545699443e-05
3.1078178404225776e-06 -8.9531177479840185e-06 -7.5587913669497922e-06
5.7911168503260724e-06 1.3727141131835222e-05 -1.0004819452833803e-05
-1.4551541650809074e-05 -5.0125002859502388e-07 -2.7120610110601198e-06
7.0849320117638559e-07 1.4148212024750473e-05 -1.5673005062583935e-05
-7.5463785551383879e-06 -6.8871527668898571e-07 -1.5655092076753176e-05
-9.9675058617895718e-06 1.2077193816829868e-05 -1.7626569158200357e-05
-9.9086385884905592e-06 -9.2485694916030758e-06 -2.2855287221777189e-05
1.186182975606985e-06 1.469757376301728e-05 -1.0255400739040722e-05
-6.1870653757581384e-06 -1.1926373538695412e-05 -2.2906352599980952e-05
9.6514620057969665e-06 -1.2559545891986223e-06 -1.6748756012902911e-05
-1.3784428559935209e-05 6.3160069115192341e-06 -1.2078291630507505e-05
1.201153613054548e-05 7.7951177804742866e-06 8.9076551536195619e-07
-1.2672475681635832e-05 -8.18720783091198e-06 -1.3591157197881745e-06
-1.5385506812334859e-05 6.763524694461398e-06 -2.1488847299412119e-05
-7.4390748533298412e-06 4.828598082484703e-06 -1.8010770899191432e-05
3.2694671995292524e-06 1.4232289115873042e-05 -1.4570066178745851e-05
-1.925854823617984e-06 1.0605201365254668e-05 -8.9926608371013877e-07
-7.7837289593606779e-06 1.3375340324167651e-05 -8.5171392791667452e-06
-1.3494039077174835e-06 6.04348443395894e-06 -1.4437168313640759e-05
4.7345744440234065e-06 2.3274980321586787e-06 -2.0528996750088409e-05
-3.812879412395942e-06 7.1459975887477878e-06 -1.9921962027471575e-05
9.4210449479159575e-06 -2.903373003390608e-06 -2.0976126845493118e-06
-1.7453906494685478e-05 1.8582155687521529e-05 -1.1133792665819243e-05
1.3472275995629612e-06 1.3629708545646879e-05 -2.1346262791981964e-05
1.3080015100030984e-05 -2.4308066646182291e-07 -1.5478037334219243e-05
-6.0143014799438066e-06 -5.5233126886079786e-06 -1.9731584962837979e-05
-1.3892382465644064e-05 1.6750853010070524e-05 -1.1895433031213799e-05
3.9157280223856006e-06 -1.1705729035471624e-05 -1.0594865241590236e-05
4.8423011321276077e-06 1.9495192080724172e-05 -2.1941305165627291e-05
2.1477233759606383e-06 1.6463111131556697e-05 -1.7179048200496524e-06
7.4994635331053494e-06 3.9249379497480197e-06 -9.7155054072520577e-06
-1.3817471273255832e-05 6.7855193779629841e-07 -2.550472575726416e-06
1.3175470528817984e-05 -1.4282917549248396e-05 -1.0632590292577841e-05
7.8935651989220702e-06 -3.6646963583242759e-06 -2.9144630773567971e-05
6.5538235793777266e-06 4.3024377229805566e-06 2.9513075286277321e-06
9.894126542692866e-06 1.3573857342080806e-05 -4.3443128311419429e-06
-6.7955944190317696e-06 -1.8062049942943123e-05 7.3293998793235934e-06
9.4113858171594386e-07 1.7559376409431726e-06 -2.3546749305326277e-05
1.8740728065846923e-05 -1.8323923201779557e-05 -3.1614707918531208e-05
-1.0320143345271708e-05 4.5475325065880146e-06 -1.9497351099343439e-05
-2.8045074469962294e-06 8.393776444570733e-06 -6.3563728543965595e-06
-2.3612282952362174e-06 3.6431708326095658e-06 -2.3847393287469883e-05
2.1976130783196712e-07 -2.4179371742275024e-05 -7.7969396254868109e-06
1.2050763976562129e-06 2.9673574442057316e-07 -2.220294829349042e-05
7.4332437604227031e-06 5.4599029569654678e-06 -6.1286397098287218e-06
2.0481480150301228e-05 1.3418961911877339e-06 2.1014129422360604e-05
-4.1588247022042153e-06 -1.2765055112801127e-05 4.4759326269091723e-06
5.7552571322561086e-07 2.4423844627710634e-05 -1.8761167002425728e-05
-7.0243001392654436e-06 -1.9697770311660756e-05 -9.6312430417780717e-06
3.34846841119011e-05 2.4653426876500642e-06 -1.0064689518901777e-05
-1.0479524358078529e-05 -3.6870706140454748e-06 -1.0125697667420948e-05
2.8152910021562345e-06 -1.0758105312903244e-05 -1.4119422457980861e-05
-9.1622718270738214e-06 7.0912257564056252e-06 -7.78129291217379e-07
-1.7505612339860366e-05 1.4181058827431037e-06 -1.0525726563168948e-05
-3.4950792865862113e-05 1.489265018135566e-05 1.5287668166551714e-05
3.4614647978824753e-06 -2.0705126256353046e-06 -7.7492137722295559e-06
-6.2885228921533143e-06 -2.0787665196489447e-06 1.1223741245346662e-05
2.0493773098601255e-06 1.715188608318763e-05 -2.2546568247170697e-05
-1.7262344702985507e-05 -4.8159211581966233e-06 -1.4210453464475782e-05
-5.0538258237475819e-06 -6.3910880384251967e-06 3.4222503270389323e-06
-2.7739909657792383e-06 -2.6482284949332774e-05 -1.7219936170529727e-05
1.6100154845016812e-06 1.4563798499789282e-05 -2.0147340078422761e-05
4.0992728462946326e-06 1.8561778256181993e-05 6.3176940308298096e-07
-5.7229239879726113e-06 -1.2610710356991683e-05 -2.0229890140897704e-05
-3.3289709175058873e-05 -3.4304318256616131e-06 -1.10450712199903e-05
1.7720814102168206e-06 1.0441580282238849e-05 1.1022184776359432e-05
-1.7526702948733423e-05 -1.9941607019579883e-06 -2.6124316328461454e-05
4.5202325655919716e-06 -7.4586087777278088e-06 -3.0963816563195704e-06
-4.5447086381711355e-06 -1.8103669746916129e-06 -1.4986091873476527e-05
2.119965960428391e-05 1.491564206156093e-05 -3.3356318525712761e-06
4.9383154049064694e-06 3.6760613245696432e-05 -7.9636755539883378e-06
-5.8647429063141132e-06 6.8241174985828046e-07 -1.4582081916862145e-05
-4.1781368083452985e-06 2.0854636117487034e-05 -1.3681652916939895e-05
3.7185496677201446e-05 1.3040399857999763e-06 -3.3191350162660276e-05
9.5400274520255603e-06 1.5929650582453974e-05 -1.1253013186248231e-06
-4.635269911264922e-05 -6.0626738546121217e-06 -2.8992426451693656e-06
-1.2588719782626739e-05 -1.0414206983583307e-06 -4.510761786780202e-05
