0 0.22080919807 -0.098866469131
0.01 0.22080919807 -0.098866469131
0.02 0.441054716735 -0.19726663675
0.03 0.6601747406 -0.29473622463
0.04 0.8776111758 -0.39081499255
0.05 1.09281149436 -0.48504873586
0.06 1.30523055906667 -0.576991257433333
0.07 1.51433242228571 -0.666206305657143
0.08 1.7195920925 -0.7522694700125
0.09 1.920497262 -0.834770026388889
0.1 2.1165499903 -0.91331272405
0.11 2.30726833590909 -0.987519506454545
0.12 2.49218793233333 -1.05703115866667
0.13 2.67086350107692 -1.12150887407692
0.14 2.84287029692857 -1.1806357335
0.15 3.00780547986667 -1.23411809
0.16 3.165289409 -1.2816868538125
0.17 3.314966853 -1.32309867052941
0.18 3.456508113 -1.35813698816667
0.19 3.58961005321053 -1.38661300768421
0.2 3.71399703575 -1.4083665126
0.21 3.82942175576191 -1.42326657328571
0.22 3.93566597322727 -1.43121212336364
0.23 4.03254113895652 -1.43213240426087
0.24 4.119888911875 -1.42598727604167
0.25 4.1975815652 -1.41276739288
0.26 4.26552228076923 -1.39249424119231
0.27 4.32364532703704 -1.3652200402963
0.28 4.371916125 -1.33102750564286
0.29 4.41033119586207 -1.29002947465517
0.3 4.438917995 -1.24236839683333
0.31 4.45773462806452 -1.18821568941935
0.32 4.4668694546875 -1.12777096178125
0.33 4.46644057727273 -1.06126111069697
0.34 4.45659522029412 -0.988939290735294
0.35 4.43750899771429 -0.911083764085714
0.36 4.40938507555556 -0.827996634111111
0.37 4.37245323054054 -0.740002468675676
0.38 4.32696880842105 -0.647446819078947
0.39 4.27321158769231 -0.550694640923077
0.4 4.211484552 -0.450128624425
0.41 4.14211257487805 -0.346147441243902
0.42 4.0654410252381 -0.23916391652381
0.43 3.98183429790698 -0.129603133867442
0.44 3.89167427431818 -0.0179004827802273
0.45 3.79535872177778 0.09550034256
0.46 3.69329963652174 0.210149383556522
0.47 3.58592153914894 0.325592486638298
0.48 3.47365972958333 0.441373391916667
0.49 3.35695850673469 0.557035830755102
0.5 3.2362693652 0.67212562198
0.51 3.11204917333333 0.78619275645098
0.52 2.98475834211538 0.898793459269231
0.53 2.85485899358491 1.00949221950943
0.54 2.72281313592593 1.11786377724074
0.55 2.58908085509091 1.22349505747273
0.56 2.45411852892857 1.32598704132143
0.57 2.3183770745614 1.42495656473684
0.58 2.18230023465517 1.52003803539655
0.59 2.04632291305085 1.61088505898305
0.6 1.91086956416667 1.69717196616667
0.61 1.77635264688525 1.77859523245902
0.62 1.64317114725806 1.85487478370968
0.63 1.5117091781746 1.92575517920635
0.64 1.38233466321875 1.9910066684375
0.65 1.25539810772308 2.05042611292308
0.66 1.13123146556061 2.10383777121212
0.67 1.01014710497015 2.15109394089552
0.68 0.89243687825 2.19207545514706
0.69 0.778371299304348 2.22669203115942
0.7 0.668198832257143 2.25488246914286
0.71 0.562145293873239 2.27661469943662
0.72 0.460413371986111 2.29188568055556
0.73 0.363182261136986 2.30072114589041
0.74 0.270607416567568 2.30317520364865
0.75 0.18282042644 2.29932978986667
0.76 0.0999290020171053 2.28929398065789
0.77 0.0220170844584416 2.27320316519481
0.78 -0.0508549334051282 2.25121808692308
0.79 -0.118649872872152 2.22352375708861
0.8 -0.18135332575 2.190328248375
0.81 -0.238973105012346 2.1518613745679
0.82 -0.291538594012195 2.10837326597561
0.83 -0.339099999036145 2.0601328473494
0.84 -0.381727510571429 2.00742622940476
0.85 -0.419510379164706 1.95055502105882
0.86 -0.452555912162791 1.88983457569767
0.87 -0.480988398011494 1.8255921791954
0.88 -0.504947965397727 1.75816519193182
0.89 -0.524589384449438 1.68789915550562
0.9 -0.540080817855556 1.61514587644444
0.91 -0.551602529934066 1.54026149593407
0.92 -0.559345561597826 1.46360456043478
0.93 -0.563510379666667 1.38553410107527
0.94 -0.564305508734043 1.30640773595745
0.95 -0.561946154126316 1.22657980515789
0.96 -0.556652824114583 1.1463995496875
0.97 -0.54864995971134 1.06620934443299
0.98 -0.538164580183674 0.986342997153061
0.99 -0.52542495210101 0.907124120171717
1 -0.51065928967 0.82886458733
1.01 -0.494094493683168 0.751863082475248
1.02 -0.475954936058824 0.676403748686275
1.03 -0.456461296757282 0.602754945126214
1.04 -0.435829459009615 0.531168118365385
1.05 -0.414269468952381 0.461876793838095
1.06 -0.391984564556604 0.39509569254717
1.07 -0.369170278757009 0.331019977196262
1.08 -0.346013620898148 0.269824630990741
1.09 -0.322692339880734 0.211663971623853
1.1 -0.299374272227273 0.156671301909091
1.11 -0.27621677709009 0.104958697675676
1.12 -0.253366260151786 0.0566169327142857
1.13 -0.23095778720354 0.011715539399115
1.14 -0.209114788131579 -0.0296969968245614
1.15 -0.187948850852174 -0.0675929122547826
1.16 -0.167559604422414 -0.101964712741379
1.17 -0.14803469025641 -0.132824598264957
1.18 -0.12944981770339 -0.160203774050847
1.19 -0.111868905058824 -0.184151644420168
1.2 -0.0953442842083333 -0.2047349457
1.21 -0.0799170690380165 -0.222036551165289
1.22 -0.065617255545082 -0.236155089754098
1.23 -0.0524637682138211 -0.247204775926829
1.24 -0.0404645663862903 -0.255315115266129
1.25 -0.0296171610768 -0.260629605928
1.26 -0.0199092444563492 -0.263304229666667
1.27 -0.0113193227314961 -0.263506031464567
1.28 -0.00381740924507812 -0.261411620320313
1.29 0.0026342467579845 -0.257205651488372
1.3 0.00808040015153846 -0.251079293915385
1.31 0.0125720256320611 -0.24322869340458
1.32 0.0161655160295455 -0.233853441424242
1.33 0.0189218696977444 -0.223155058887218
1.34 0.0209058735798507 -0.211335504261194
1.35 0.0221852885585185 -0.198595715281481
1.36 0.0228300431625 -0.185134192779412
1.37 0.0229114418510949 -0.171145635138686
1.38 0.0225013936036232 -0.156819631115942
1.39 0.0216716663640288 -0.142339418640288
1.4 0.0204931725671429 -0.1278807164
1.41 0.0190352904964539 -0.113610634404255
1.42 0.0173652262169014 -0.0996866698028169
1.43 0.0155474196769231 -0.0862557921748252
1.44 0.0136429992819444 -0.0734536240347222
1.45 0.0117092875524138 -0.0614037191386207
1.46 0.00979936090821918 -0.0502169425205479
1.47 0.00796166611904762 -0.0399909548312925
1.48 0.00623969433864865 -0.0308098015277027
1.49 0.00467171554637584 -0.0227436102080537
1.5 0.00329108320386667 -0.015850902538
1.51 0.00212418008410596 -0.0101691257437086
1.52 0.00118825826519737 -0.00570350984065789
1.53 0.000510074440313725 -0.00252312393326797
1.54 0.000108670541350649 -0.000677860716493507
1.55 -5.26199679780645e-05 7.40765325935484e-05
1.56 -4.96977459628205e-05 0.000144366088282051
1.57 2.11266526675159e-06 -6.62227545350318e-06
1.58 1.18470141240506e-05 -3.8553439913924e-05
1.59 -9.22410251383648e-07 2.81880240534591e-06
1.6 0 0
1.61 0 0
1.62 0 0
1.63 0 0
1.64 0 0
1.65 0 0
1.66 0 0
1.67 0 0
1.68 0 0
1.69 0 0
1.7 0 0
1.71 0 0
1.72 0 0
1.73 0 0
1.74 0 0
1.75 0 0
1.76 0 0
1.77 0 0
1.78 0 0
1.79 0 0
1.8 0 0
1.81 0 0
1.82 0 0
1.83 0 0
1.84 0 0
1.85 0 0
1.86 0 0
1.87 0 0
1.88 0 0
1.89 0 0
1.9 0 0
1.91 0 0
1.92 0 0
1.93 0 0
1.94 0 0
1.95 0 0
1.96 0 0
1.97 0 0
1.98 0 0
1.99 0 0
2 0 0
2.01 0 0
2.02 0 0
2.03 0 0
2.04 0 0
2.05 0 0
2.06 0 0
2.07 0 0
2.08 0 0
2.09 0 0
2.1 0 0
2.11 0 0
2.12 0 0
2.13 0 0
2.14 0 0
2.15 0 0
2.16 0 0
2.17 0 0
2.18 0 0
2.19 0 0
2.2 0 0
2.21 0 0
2.22 0 0
2.23 0 0
2.24 0 0
2.25 0 0
2.26 0 0
2.27 0 0
2.28 0 0
2.29 0 0
2.3 0 0
2.31 0 0
2.32 0 0
2.33 0 0
2.34 0 0
2.35 0 0
2.36 0 0
2.37 0 0
2.38 0 0
2.39 0 0
2.4 0 0
2.41 0 0
2.42 0 0
2.43 0 0
2.44 0 0
2.45 0 0
2.46 0 0
2.47 0 0
2.48 0 0
2.49 0 0
2.5 0 0
2.51 0 0
2.52 0 0
2.53 0 0
2.54 0 0
2.55 0 0
2.56 0 0
2.57 0 0
2.58 0 0
2.59 0 0
2.6 0 0
2.61 0 0
2.62 0 0
2.63 0 0
2.64 0 0
2.65 0 0
2.66 0 0
2.67 0 0
2.68 0 0
2.69 0 0
2.7 0 0
2.71 0 0
2.72 0 0
2.73 0 0
2.74 0 0
2.75 0 0
2.76 0 0
2.77 0 0
2.78 0 0
2.79 0 0
2.8 0 0
2.81 0 0
2.82 0 0
2.83 0 0
2.84 0 0
2.85 0 0
2.86 0 0
2.87 0 0
2.88 0 0
2.89 0 0
2.9 0 0
2.91 0 0
2.92 0 0
2.93 0 0
2.94 0 0
2.95 0 0
2.96 0 0
2.97 0 0
2.98 0 0
2.99 0 0
3 0 0
3.01 0 0
3.02 0 0
3.03 0 0
3.04 0 0
3.05 0 0
3.06 0 0
3.07 0 0
3.08 0 0
3.09 0 0
3.1 0 0
3.11 0 0
3.12 0 0
3.13 0 0
3.14 0 0
3.15 0 0
3.16 0 0
3.17 0 0
3.18 0 0
3.19 0 0
3.2 0 0
3.21 0 0
3.22 0 0
3.23 0 0
3.24 0 0
3.25 0 0
3.26 0 0
3.27 0 0
3.28 0 0
3.29 0 0
3.3 0 0
3.31 0 0
3.32 0 0
3.33 0 0
3.34 0 0
3.35 0 0
3.36 0 0
3.37 0 0
3.38 0 0
3.39 0 0
3.4 0 0
3.41 0 0
3.42 0 0
3.43 0 0
3.44 0 0
3.45 0 0
3.46 0 0
3.47 0 0
3.48 0 0
3.49 0 0
3.5 0 0
3.51 0 0
3.52 0 0
3.53 0 0
3.54 0 0
3.55 0 0
3.56 0 0
3.57 0 0
3.58 0 0
3.59 0 0
3.6 0 0
3.61 0 0
3.62 0 0
3.63 0 0
3.64 0 0
3.65 0 0
3.66 0 0
3.67 0 0
3.68 0 0
3.69 0 0
3.7 0 0
3.71 0 0
3.72 0 0
3.73 0 0
3.74 0 0
3.75 0 0
3.76 0 0
3.77 0 0
3.78 0 0
3.79 0 0
3.8 0 0
3.81 0 0
3.82 0 0
3.83 0 0
3.84 0 0
3.85 0 0
3.86 0 0
3.87 0 0
3.88 0 0
3.89 0 0
3.9 0 0
3.91 0 0
3.92 0 0
3.93 0 0
3.94 0 0
3.95 0 0
3.96 0 0
3.97 0 0
3.98 0 0
3.99 0 0
4 0 0
4.01 0 0
4.02 0 0
4.03 0 0
4.04 0 0
4.05 0 0
4.06 0 0
4.07 0 0
4.08 0 0
4.09 0 0
4.1 0 0
4.11 0 0
4.12 0 0
4.13 0 0
4.14 0 0
4.15 0 0
4.16 0 0
4.17 0 0
4.18 0 0
4.19 0 0
4.2 0 0
4.21 0 0
4.22 0 0
4.23 0 0
4.24 0 0
4.25 0 0
4.26 0 0
4.27 0 0
4.28 0 0
4.29 0 0
4.3 0 0
4.31 0 0
4.32 0 0
4.33 0 0
4.34 0 0
4.35 0 0
4.36 0 0
4.37 0 0
4.38 0 0
4.39 0 0
4.4 0 0
4.41 0 0
4.42 0 0
4.43 0 0
4.44 0 0
4.45 0 0
4.46 0 0
4.47 0 0
4.48 0 0
4.49 0 0
4.5 0 0
4.51 0 0
4.52 0 0
4.53 0 0
4.54 0 0
4.55 0 0
4.56 0 0
4.57 0 0
4.58 0 0
4.59 0 0
4.6 0 0
4.61 0 0
4.62 0 0
4.63 0 0
4.64 0 0
4.65 0 0
4.66 0 0
4.67 0 0
4.68 0 0
4.69 0 0
4.7 0 0
4.71 0 0
4.72 0 0
4.73 0 0
4.74 0 0
4.75 0 0
4.76 0 0
4.77 0 0
4.78 0 0
4.79 0 0
4.8 0 0
4.81 0 0
4.82 0 0
4.83 0 0
4.84 0 0
4.85 0 0
4.86 0 0
4.87 0 0
4.88 0 0
4.89 0 0
4.9 0 0
4.91 0 0
4.92 0 0
4.93 0 0
4.94 0 0
4.95 0 0
4.96 0 0
4.97 0 0
4.98 0 0
4.99 0 0
5 0 0
5.01 0 0
5.02 0 0
5.03 0 0
5.04 0 0
5.05 0 0
5.06 0 0
5.07 0 0
5.08 0 0
5.09 0 0
5.1 0 0
5.11 0 0
5.12 0 0
5.13 0 0
5.14 0 0
5.15 0 0
5.16 0 0
5.17 0 0
5.18 0 0
5.19 0 0
5.2 0 0
5.21 0 0
5.22 0 0
5.23 0 0
5.24 0 0
5.25 0 0
5.26 0 0
5.27 0 0
5.28 0 0
5.29 0 0
5.3 0 0
5.31 0 0
5.32 0 0
5.33 0 0
5.34 0 0
5.35 0 0
5.36 0 0
5.37 0 0
5.38 0 0
5.39 0 0
5.4 0 0
5.41 0 0
5.42 0 0
5.43 0 0
5.44 0 0
5.45 0 0
5.46 0 0
5.47 0 0
5.48 0 0
5.49 0 0
5.5 0 0
5.51 0 0
5.52 0 0
5.53 0 0
5.54 0 0
5.55 0 0
5.56 0 0
5.57 0 0
5.58 0 0
5.59 0 0
5.6 0 0
5.61 0 0
5.62 0 0
5.63 0 0
5.64 0 0
5.65 0 0
5.66 0 0
5.67 0 0
5.68 0 0
5.69 0 0
5.7 0 0
5.71 0 0
5.72 0 0
5.73 0 0
5.74 0 0
5.75 0 0
5.76 0 0
5.77 0 0
5.78 0 0
5.79 0 0
5.8 0 0
5.81 0 0
5.82 0 0
5.83 0 0
5.84 0 0
5.85 0 0
5.86 0 0
5.87 0 0
5.88 0 0
5.89 0 0
5.9 0 0
5.91 0 0
5.92 0 0
5.93 0 0
5.94 0 0
5.95 0 0
5.96 0 0
5.97 0 0
5.98 0 0
5.99 0 0
6 0 0
6.01 0 0
6.02 0 0
6.03 0 0
6.04 0 0
6.05 0 0
6.06 0 0
6.07 0 0
6.08 0 0
6.09 0 0
6.1 0 0
6.11 0 0
6.12 0 0
6.13 0 0
6.14 0 0
6.15 0 0
6.16 0 0
6.17 0 0
6.18 0 0
6.19 0 0
6.2 0 0
6.21 0 0
6.22 0 0
6.23 0 0
6.24 0 0
6.25 0 0
6.26 0 0
6.27 0 0
6.28 0 0
6.29 0 0
6.3 0 0
6.31 0 0
6.32 0 0
6.33 0 0
6.34 0 0
6.35 0 0
6.36 0 0
6.37 0 0
6.38 0 0
6.39 0 0
6.4 0 0
6.41 0 0
6.42 0 0
6.43 0 0
6.44 0 0
6.45 0 0
6.46 0 0
6.47 0 0
6.48 0 0
6.49 0 0
6.5 0 0
6.51 0 0
6.52 0 0
6.53 0 0
6.54 0 0
6.55 0 0
6.56 0 0
6.57 0 0
6.58 0 0
6.59 0 0
6.6 0 0
6.61 0 0
6.62 0 0
6.63 0 0
6.64 0 0
6.65 0 0
6.66 0 0
6.67 0 0
6.68 0 0
6.69 0 0
6.7 0 0
6.71 0 0
6.72 0 0
6.73 0 0
6.74 0 0
6.75 0 0
6.76 0 0
6.77 0 0
6.78 0 0
6.79 0 0
6.8 0 0
6.81 0 0
6.82 0 0
6.83 0 0
6.84 0 0
6.85 0 0
6.86 0 0
6.87 0 0
6.88 0 0
6.89 0 0
6.9 0 0
6.91 0 0
6.92 0 0
6.93 0 0
6.94 0 0
6.95 0 0
6.96 0 0
6.97 0 0
6.98 0 0
6.99 0 0
7 0 0
7.01 0 0
7.02 0 0
7.03 0 0
7.04 0 0
7.05 0 0
7.06 0 0
7.07 0 0
7.08 0 0
7.09 0 0
7.1 0 0
7.11 0 0
7.12 0 0
7.13 0 0
7.14 0 0
7.15 0 0
7.16 0 0
7.17 0 0
7.18 0 0
7.19 0 0
7.2 0 0
7.21 0 0
7.22 0 0
7.23 0 0
7.24 0 0
7.25 0 0
7.26 0 0
7.27 0 0
7.28 0 0
7.29 0 0
7.3 0 0
7.31 0 0
7.32 0 0
7.33 0 0
7.34 0 0
7.35 0 0
7.36 0 0
7.37 0 0
7.38 0 0
7.39 0 0
7.4 0 0
7.41 0 0
7.42 0 0
7.43 0 0
7.44 0 0
7.45 0 0
7.46 0 0
7.47 0 0
7.48 0 0
7.49 0 0
7.5 0 0
7.51 0 0
7.52 0 0
7.53 0 0
7.54 0 0
7.55 0 0
7.56 0 0
7.57 0 0
7.58 0 0
7.59 0 0
7.6 0 0
7.61 0 0
7.62 0 0
7.63 0 0
7.64 0 0
7.65 0 0
7.66 0 0
7.67 0 0
7.68 0 0
7.69 0 0
7.7 0 0
7.71 0 0
7.72 0 0
7.73 0 0
7.74 0 0
7.75 0 0
7.76 0 0
7.77 0 0
7.78 0 0
7.79 0 0
7.8 0 0
7.81 0 0
7.82 0 0
7.83 0 0
7.84 0 0
7.85 0 0
7.86 0 0
7.87 0 0
7.88 0 0
7.89 0 0
7.9 0 0
7.91 0 0
7.92 0 0
7.93 0 0
7.94 0 0
7.95 0 0
7.96 0 0
7.97 0 0
7.98 0 0
7.99 0 0
8 0 0
8.01 0 0
8.02 0 0
8.03 0 0
8.04 0 0
8.05 0 0
8.06 0 0
8.07 0 0
8.08 0 0
8.09 0 0
8.1 0 0
8.11 0 0
8.12 0 0
8.13 0 0
8.14 0 0
8.15 0 0
8.16 0 0
8.17 0 0
8.18 0 0
8.19 0 0
8.2 0 0
8.21 0 0
8.22 0 0
8.23 0 0
8.24 0 0
8.25 0 0
8.26 0 0
8.27 0 0
8.28 0 0
8.29 0 0
8.3 0 0
8.31 0 0
8.32 0 0
8.33 0 0
8.34 0 0
8.35 0 0
8.36 0 0
8.37 0 0
8.38 0 0
8.39 0 0
8.4 0 0
8.41 0 0
8.42 0 0
8.43 0 0
8.44 0 0
8.45 0 0
8.46 0 0
8.47 0 0
8.48 0 0
8.49 0 0
8.5 0 0
8.51 0 0
8.52 0 0
8.53 0 0
8.54 0 0
8.55 0 0
8.56 0 0
8.57 0 0
8.58 0 0
8.59 0 0
8.6 0 0
8.61 0 0
8.62 0 0
8.63 0 0
8.64 0 0
8.65 0 0
8.66 0 0
8.67 0 0
8.68 0 0
8.69 0 0
8.7 0 0
8.71 0 0
8.72 0 0
8.73 0 0
8.74 0 0
8.75 0 0
8.76 0 0
8.77 0 0
8.78 0 0
8.79 0 0
8.8 0 0
8.81 0 0
8.82 0 0
8.83 0 0
8.84 0 0
8.85 0 0
8.86 0 0
8.87 0 0
8.88 0 0
8.89 0 0
8.9 0 0
8.91 0 0
8.92 0 0
8.93 0 0
8.94 0 0
8.95 0 0
8.96 0 0
8.97 0 0
8.98 0 0
8.99 0 0
9 0 0
9.01 0 0
9.02 0 0
9.03 0 0
9.04 0 0
9.05 0 0
9.06 0 0
9.07 0 0
9.08 0 0
9.09 0 0
9.1 0 0
9.11 0 0
9.12 0 0
9.13 0 0
9.14 0 0
9.15 0 0
9.16 0 0
9.17 0 0
9.18 0 0
9.19 0 0
9.2 0 0
9.21 0 0
9.22 0 0
9.23 0 0
9.24 0 0
9.25 0 0
9.26 0 0
9.27 0 0
9.28 0 0
9.29 0 0
9.3 0 0
9.31 0 0
9.32 0 0
9.33 0 0
9.34 0 0
9.35 0 0
9.36 0 0
9.37 0 0
9.38 0 0
9.39 0 0
9.4 0 0
9.41 0 0
9.42 0 0
9.43 0 0
9.44 0 0
9.45 0 0
9.46 0 0
9.47 0 0
9.48 0 0
9.49 0 0
9.5 0 0
9.51 0 0
9.52 0 0
9.53 0 0
9.54 0 0
9.55 0 0
9.56 0 0
9.57 0 0
9.58 0 0
9.59 0 0
9.6 0 0
9.61 0 0
9.62 0 0
9.63 0 0
9.64 0 0
9.65 0 0
9.66 0 0
9.67 0 0
9.68 0 0
9.69 0 0
9.7 0 0
9.71 0 0
9.72 0 0
9.73 0 0
9.74 0 0
9.75 0 0
9.76 0 0
9.77 0 0
9.78 0 0
9.79 0 0
9.8 0 0
9.81 0 0
9.82 0 0
9.83 0 0
9.84 0 0
9.85 0 0
9.86 0 0
9.87 0 0
9.88 0 0
9.89 0 0
9.9 0 0
9.91 0 0
9.92 0 0
9.93 0 0
9.94 0 0
9.95 0 0
9.96 0 0
9.97 0 0
9.98 0 0
9.99 0 0
10 0 0
10.01 0 0
10.02 0 0
10.03 0 0
10.04 0 0
10.05 0 0
10.06 0 0
10.07 0 0
10.08 0 0
10.09 0 0
10.1 0 0
10.11 0 0
10.12 0 0
10.13 0 0
10.14 0 0
10.15 0 0
10.16 0 0
10.17 0 0
10.18 0 0
10.19 0 0
10.2 0 0
10.21 0 0
10.22 0 0
10.23 0 0
10.24 0 0
10.25 0 0
10.26 0 0
10.27 0 0
10.28 0 0
10.29 0 0
10.3 0 0
10.31 0 0
10.32 0 0
10.33 0 0
10.34 0 0
10.35 0 0
10.36 0 0
10.37 0 0
10.38 0 0
10.39 0 0
10.4 0 0
10.41 0 0
10.42 0 0
10.43 0 0
10.44 0 0
10.45 0 0
10.46 0 0
10.47 0 0
10.48 0 0
10.49 0 0
10.5 0 0
10.51 0 0
10.52 0 0
10.53 0 0
10.54 0 0
10.55 0 0
10.56 0 0
10.57 0 0
10.58 0 0
10.59 0 0
10.6 0 0
10.61 0 0
10.62 0 0
10.63 0 0
10.64 0 0
10.65 0 0
10.66 0 0
10.67 0 0
10.68 0 0
10.69 0 0
10.7 0 0
10.71 0 0
10.72 0 0
10.73 0 0
10.74 0 0
10.75 0 0
10.76 0 0
10.77 0 0
10.78 0 0
10.79 0 0
10.8 0 0
10.81 0 0
10.82 0 0
10.83 0 0
10.84 0 0
10.85 0 0
10.86 0 0
10.87 0 0
10.88 0 0
10.89 0 0
10.9 0 0
10.91 0 0
10.92 0 0
10.93 0 0
10.94 0 0
10.95 0 0
10.96 0 0
10.97 0 0
10.98 0 0
10.99 0 0
11 0 0
11.01 0 0
11.02 0 0
11.03 0 0
11.04 0 0
11.05 0 0
11.06 0 0
11.07 0 0
11.08 0 0
11.09 0 0
11.1 0 0
11.11 0 0
11.12 0 0
11.13 0 0
11.14 0 0
11.15 0 0
11.16 0 0
11.17 0 0
11.18 0 0
11.19 0 0
11.2 0 0
11.21 0 0
11.22 0 0
11.23 0 0
11.24 0 0
11.25 0 0
11.26 0 0
11.27 0 0
11.28 0 0
11.29 0 0
11.3 0 0
11.31 0 0
11.32 0 0
11.33 0 0
11.34 0 0
11.35 0 0
11.36 0 0
11.37 0 0
11.38 0 0
11.39 0 0
11.4 0 0
11.41 0 0
11.42 0 0
11.43 0 0
11.44 0 0
11.45 0 0
11.46 0 0
11.47 0 0
11.48 0 0
11.49 0 0
11.5 0 0
11.51 0 0
11.52 0 0
11.53 0 0
11.54 0 0
11.55 0 0
11.56 0 0
11.57 0 0
11.58 0 0
11.59 0 0
11.6 0 0
11.61 0 0
11.62 0 0
11.63 0 0
11.64 0 0
11.65 0 0
11.66 0 0
11.67 0 0
11.68 0 0
11.69 0 0
11.7 0 0
11.71 0 0
11.72 0 0
11.73 0 0
11.74 0 0
11.75 0 0
11.76 0 0
11.77 0 0
11.78 0 0
11.79 0 0
11.8 0 0
11.81 0 0
11.82 0 0
11.83 0 0
11.84 0 0
11.85 0 0
11.86 0 0
11.87 0 0
11.88 0 0
11.89 0 0
11.9 0 0
11.91 0 0
11.92 0 0
11.93 0 0
11.94 0 0
11.95 0 0
11.96 0 0
11.97 0 0
11.98 0 0
11.99 0 0
12 0 0
12.01 0 0
12.02 0 0
12.03 0 0
12.04 0 0
12.05 0 0
12.06 0 0
12.07 0 0
12.08 0 0
12.09 0 0
12.1 0 0
12.11 0 0
12.12 0 0
12.13 0 0
12.14 0 0
12.15 0 0
12.16 0 0
12.17 0 0
12.18 0 0
12.19 0 0
12.2 0 0
12.21 0 0
12.22 0 0
12.23 0 0
12.24 0 0
12.25 0 0
12.26 0 0
12.27 0 0
12.28 0 0
12.29 0 0
12.3 0 0
12.31 0 0
12.32 0 0
12.33 0 0
12.34 0 0
12.35 0 0
12.36 0 0
12.37 0 0
12.38 0 0
12.39 0 0
12.4 0 0
12.41 0 0
12.42 0 0
12.43 0 0
12.44 0 0
12.45 0 0
12.46 0 0
12.47 0 0
12.48 0 0
12.49 0 0
12.5 0 0
12.51 0 0
12.52 0 0
12.53 0 0
12.54 0 0
12.55 0 0
12.56 0 0
12.57 0 0
12.58 0 0
12.59 0 0
12.6 0 0
12.61 0 0
12.62 0 0
12.63 0 0
12.64 0 0
12.65 0 0
12.66 0 0
12.67 0 0
12.68 0 0
12.69 0 0
12.7 0 0
12.71 0 0
12.72 0 0
12.73 0 0
12.74 0 0
12.75 0 0
12.76 0 0
12.77 0 0
12.78 0 0
12.79 0 0
12.8 0 0
12.81 0 0
12.82 0 0
12.83 0 0
12.84 0 0
12.85 0 0
12.86 0 0
12.87 0 0
12.88 0 0
12.89 0 0
12.9 0 0
12.91 0 0
12.92 0 0
12.93 0 0
12.94 0 0
12.95 0 0
12.96 0 0
12.97 0 0
12.98 0 0
12.99 0 0
13 0 0
13.01 0 0
13.02 0 0
13.03 0 0
13.04 0 0
13.05 0 0
13.06 0 0
13.07 0 0
13.08 0 0
13.09 0 0
13.1 0 0
13.11 0 0
13.12 0 0
13.13 0 0
13.14 0 0
13.15 0 0
13.16 0 0
13.17 0 0
13.18 0 0
13.19 0 0
13.2 0 0
13.21 0 0
13.22 0 0
13.23 0 0
13.24 0 0
13.25 0 0
13.26 0 0
13.27 0 0
13.28 0 0
13.29 0 0
13.3 0 0
13.31 0 0
13.32 0 0
13.33 0 0
13.34 0 0
13.35 0 0
13.36 0 0
13.37 0 0
13.38 0 0
13.39 0 0
13.4 0 0
13.41 0 0
13.42 0 0
13.43 0 0
13.44 0 0
13.45 0 0
13.46 0 0
13.47 0 0
13.48 0 0
13.49 0 0
13.5 0 0
13.51 0 0
13.52 0 0
13.53 0 0
13.54 0 0
13.55 0 0
13.56 0 0
13.57 0 0
13.58 0 0
13.59 0 0
13.6 0 0
13.61 0 0
13.62 0 0
13.63 0 0
13.64 0 0
13.65 0 0
13.66 0 0
13.67 0 0
13.68 0 0
13.69 0 0
13.7 0 0
13.71 0 0
13.72 0 0
13.73 0 0
13.74 0 0
13.75 0 0
13.76 0 0
13.77 0 0
13.78 0 0
13.79 0 0
13.8 0 0
13.81 0 0
13.82 0 0
13.83 0 0
13.84 0 0
13.85 0 0
13.86 0 0
13.87 0 0
13.88 0 0
13.89 0 0
13.9 0 0
13.91 0 0
13.92 0 0
13.93 0 0
13.94 0 0
13.95 0 0
13.96 0 0
13.97 0 0
13.98 0 0
13.99 0 0
14 0 0
14.01 0 0
14.02 0 0
14.03 0 0
14.04 0 0
14.05 0 0
14.06 0 0
14.07 0 0
14.08 0 0
14.09 0 0
14.1 0 0
14.11 0 0
14.12 0 0
14.13 0 0
14.14 0 0
14.15 0 0
14.16 0 0
14.17 0 0
14.18 0 0
14.19 0 0
14.2 0 0
14.21 0 0
14.22 0 0
14.23 0 0
14.24 0 0
14.25 0 0
14.26 0 0
14.27 0 0
14.28 0 0
14.29 0 0
14.3 0 0
14.31 0 0
14.32 0 0
14.33 0 0
14.34 0 0
14.35 0 0
14.36 0 0
14.37 0 0
14.38 0 0
14.39 0 0
14.4 0 0
14.41 0 0
14.42 0 0
14.43 0 0
14.44 0 0
14.45 0 0
14.46 0 0
14.47 0 0
14.48 0 0
14.49 0 0
14.5 0 0
14.51 0 0
14.52 0 0
14.53 0 0
14.54 0 0
14.55 0 0
14.56 0 0
14.57 0 0
14.58 0 0
14.59 0 0
14.6 0 0
14.61 0 0
14.62 0 0
14.63 0 0
14.64 0 0
14.65 0 0
14.66 0 0
14.67 0 0
14.68 0 0
14.69 0 0
14.7 0 0
14.71 0 0
14.72 0 0
14.73 0 0
14.74 0 0
14.75 0 0
14.76 0 0
14.77 0 0
14.78 0 0
14.79 0 0
14.8 0 0
14.81 0 0
14.82 0 0
14.83 0 0
14.84 0 0
14.85 0 0
14.86 0 0
14.87 0 0
14.88 0 0
14.89 0 0
14.9 0 0
14.91 0 0
14.92 0 0
14.93 0 0
14.94 0 0
14.95 0 0
14.96 0 0
14.97 0 0
14.98 0 0
14.99 0 0
15 0 0
15.01 0 0
15.02 0 0
15.03 0 0
15.04 0 0
15.05 0 0
15.06 0 0
15.07 0 0
15.08 0 0
15.09 0 0
15.1 0 0
15.11 0 0
15.12 0 0
15.13 0 0
15.14 0 0
15.15 0 0
15.16 0 0
15.17 0 0
15.18 0 0
15.19 0 0
15.2 0 0
15.21 0 0
15.22 0 0
15.23 0 0
15.24 0 0
15.25 0 0
15.26 0 0
15.27 0 0
15.28 0 0
15.29 0 0
15.3 0 0
15.31 0 0
15.32 0 0
15.33 0 0
15.34 0 0
15.35 0 0
15.36 0 0
15.37 0 0
15.38 0 0
15.39 0 0
15.4 0 0
15.41 0 0
15.42 0 0
15.43 0 0
15.44 0 0
15.45 0 0
15.46 0 0
15.47 0 0
15.48 0 0
15.49 0 0
15.5 0 0
15.51 0 0
15.52 0 0
15.53 0 0
15.54 0 0
15.55 0 0
15.56 0 0
15.57 0 0
15.58 0 0
15.59 0 0
15.6 0 0
15.61 0 0
15.62 0 0
15.63 0 0
15.64 0 0
15.65 0 0
15.66 0 0
15.67 0 0
15.68 0 0
15.69 0 0
15.7 0 0
15.71 0 0
15.72 0 0
15.73 0 0
15.74 0 0
15.75 0 0
15.76 0 0
15.77 0 0
15.78 0 0
15.79 0 0
15.8 0 0
15.81 0 0
15.82 0 0
15.83 0 0
15.84 0 0
15.85 0 0
15.86 0 0
15.87 0 0
15.88 0 0
15.89 0 0
15.9 0 0
15.91 0 0
15.92 0 0
15.93 0 0
15.94 0 0
15.95 0 0
15.96 0 0
15.97 0 0
15.98 0 0
15.99 0 0
16 0 0
16.01 0 0
16.02 0 0
16.03 0 0
16.04 0 0
16.05 0 0
16.06 0 0
16.07 0 0
16.08 0 0
16.09 0 0
16.1 0 0
16.11 0 0
16.12 0 0
16.13 0 0
16.14 0 0
16.15 0 0
16.16 0 0
16.17 0 0
16.18 0 0
16.19 0 0
16.2 0 0
16.21 0 0
16.22 0 0
16.23 0 0
16.24 0 0
16.25 0 0
16.26 0 0
16.27 0 0
16.28 0 0
16.29 0 0
16.3 0 0
16.31 0 0
16.32 0 0
16.33 0 0
16.34 0 0
16.35 0 0
16.36 0 0
16.37 0 0
16.38 0 0
16.39 0 0
16.4 0 0
16.41 0 0
16.42 0 0
16.43 0 0
16.44 0 0
16.45 0 0
16.46 0 0
16.47 0 0
16.48 0 0
16.49 0 0
16.5 0 0
16.51 0 0
16.52 0 0
16.53 0 0
16.54 0 0
16.55 0 0
16.56 0 0
16.57 0 0
16.58 0 0
16.59 0 0
16.6 0 0
16.61 0 0
16.62 0 0
16.63 0 0
16.64 0 0
16.65 0 0
16.66 0 0
16.67 0 0
16.68 0 0
16.69 0 0
16.7 0 0
16.71 0 0
16.72 0 0
16.73 0 0
16.74 0 0
16.75 0 0
16.76 0 0
16.77 0 0
16.78 0 0
16.79 0 0
16.8 0 0
16.81 0 0
16.82 0 0
16.83 0 0
16.84 0 0
16.85 0 0
16.86 0 0
16.87 0 0
16.88 0 0
16.89 0 0
16.9 0 0
16.91 0 0
16.92 0 0
16.93 0 0
16.94 0 0
16.95 0 0
16.96 0 0
16.97 0 0
16.98 0 0
16.99 0 0
17 0 0
17.01 0 0
17.02 0 0
17.03 0 0
17.04 0 0
17.05 0 0
17.06 0 0
17.07 0 0
17.08 0 0
17.09 0 0
17.1 0 0
17.11 0 0
17.12 0 0
17.13 0 0
17.14 0 0
17.15 0 0
17.16 0 0
17.17 0 0
17.18 0 0
17.19 0 0
17.2 0 0
17.21 0 0
17.22 0 0
17.23 0 0
17.24 0 0
17.25 0 0
17.26 0 0
17.27 0 0
17.28 0 0
17.29 0 0
17.3 0 0
17.31 0 0
17.32 0 0
17.33 0 0
17.34 0 0
17.35 0 0
17.36 0 0
17.37 0 0
17.38 0 0
17.39 0 0
17.4 0 0
17.41 0 0
17.42 0 0
17.43 0 0
17.44 0 0
17.45 0 0
17.46 0 0
17.47 0 0
17.48 0 0
17.49 0 0
17.5 0 0
17.51 0 0
17.52 0 0
17.53 0 0
17.54 0 0
17.55 0 0
17.56 0 0
17.57 0 0
17.58 0 0
17.59 0 0
17.6 0 0
17.61 0 0
17.62 0 0
17.63 0 0
17.64 0 0
17.65 0 0
17.66 0 0
17.67 0 0
17.68 0 0
17.69 0 0
17.7 0 0
17.71 0 0
17.72 0 0
17.73 0 0
17.74 0 0
17.75 0 0
17.76 0 0
17.77 0 0
17.78 0 0
17.79 0 0
17.8 0 0
17.81 0 0
17.82 0 0
17.83 0 0
17.84 0 0
17.85 0 0
17.86 0 0
17.87 0 0
17.88 0 0
17.89 0 0
17.9 0 0
17.91 0 0
17.92 0 0
17.93 0 0
17.94 0 0
17.95 0 0
17.96 0 0
17.97 0 0
17.98 0 0
17.99 0 0
18 0 0
18.01 0 0
18.02 0 0
18.03 0 0
18.04 0 0
18.05 0 0
18.06 0 0
18.07 0 0
18.08 0 0
18.09 0 0
18.1 0 0
18.11 0 0
18.12 0 0
18.13 0 0
18.14 0 0
18.15 0 0
18.16 0 0
18.17 0 0
18.18 0 0
18.19 0 0
18.2 0 0
18.21 0 0
18.22 0 0
18.23 0 0
18.24 0 0
18.25 0 0
18.26 0 0
18.27 0 0
18.28 0 0
18.29 0 0
18.3 0 0
18.31 0 0
18.32 0 0
18.33 0 0
18.34 0 0
18.35 0 0
18.36 0 0
18.37 0 0
18.38 0 0
18.39 0 0
18.4 0 0
18.41 0 0
18.42 0 0
18.43 0 0
18.44 0 0
18.45 0 0
18.46 0 0
18.47 0 0
18.48 0 0
18.49 0 0
18.5 0 0
18.51 0 0
18.52 0 0
18.53 0 0
18.54 0 0
18.55 0 0
18.56 0 0
18.57 0 0
18.58 0 0
18.59 0 0
18.6 0 0
18.61 0 0
18.62 0 0
18.63 0 0
18.64 0 0
18.65 0 0
18.66 0 0
18.67 0 0
18.68 0 0
18.69 0 0
18.7 0 0
18.71 0 0
18.72 0 0
18.73 0 0
18.74 0 0
18.75 0 0
18.76 0 0
18.77 0 0
18.78 0 0
18.79 0 0
18.8 0 0
18.81 0 0
18.82 0 0
18.83 0 0
18.84 0 0
18.85 0 0
18.86 0 0
18.87 0 0
18.88 0 0
18.89 0 0
18.9 0 0
18.91 0 0
18.92 0 0
18.93 0 0
18.94 0 0
18.95 0 0
18.96 0 0
18.97 0 0
18.98 0 0
18.99 0 0
19 0 0
19.01 0 0
19.02 0 0
19.03 0 0
19.04 0 0
19.05 0 0
19.06 0 0
19.07 0 0
19.08 0 0
19.09 0 0
19.1 0 0
19.11 0 0
19.12 0 0
19.13 0 0
19.14 0 0
19.15 0 0
19.16 0 0
19.17 0 0
19.18 0 0
19.19 0 0
19.2 0 0
19.21 0 0
19.22 0 0
19.23 0 0
19.24 0 0
19.25 0 0
19.26 0 0
19.27 0 0
19.28 0 0
19.29 0 0
19.3 0 0
19.31 0 0
19.32 0 0
19.33 0 0
19.34 0 0
19.35 0 0
19.36 0 0
19.37 0 0
19.38 0 0
19.39 0 0
19.4 0 0
19.41 0 0
19.42 0 0
19.43 0 0
19.44 0 0
19.45 0 0
19.46 0 0
19.47 0 0
19.48 0 0
19.49 0 0
19.5 0 0
19.51 0 0
19.52 0 0
19.53 0 0
19.54 0 0
19.55 0 0
19.56 0 0
19.57 0 0
19.58 0 0
19.59 0 0
19.6 0 0
19.61 0 0
19.62 0 0
19.63 0 0
19.64 0 0
19.65 0 0
19.66 0 0
19.67 0 0
19.68 0 0
19.69 0 0
19.7 0 0
19.71 0 0
19.72 0 0
19.73 0 0
19.74 0 0
19.75 0 0
19.76 0 0
19.77 0 0
19.78 0 0
19.79 0 0
19.8 0 0
19.81 0 0
19.82 0 0
19.83 0 0
19.84 0 0
19.85 0 0
19.86 0 0
19.87 0 0
19.88 0 0
19.89 0 0
19.9 0 0
19.91 0 0
