4.4165521468733118e-05 -5.8426658445659418e-05 -3.6976214614514724e-05
-5.7688487523252475e-06 5.3112323586687138e-05 1.3811576006564352e-05
-1.1019927809934049e-05 4.6200443845708164e-05 8.2081718074944465e-06
-2.9448127316312502e-05 -2.318102228809904e-05 1.1263464384611566e-05
-1.9874797487055146e-05 2.836792506666656e-05 -1.2496955821167384e-05
1.9825757414203629e-05 1.450920454444931e-06 4.2814558571446434e-06
-2.3613689374216151e-05 1.9312449049473801e-05 1.4003955978187516e-05
3.4565040550119108e-05 1.7597753594320031e-05 -2.2467178126130138e-05
1.3226303397079117e-05 1.4307668794483197e-05 1.3813404141995294e-05
3.1967233349072311e-05 -2.633720772137263e-05 6.3373973750010872e-05
-1.1739211214767131e-05 8.1308706245604433e-06 9.8904836242420959e-06
1.5025714313458504e-05 4.3077960800713818e-06 -8.8708921748351099e-06
1.0125766053454427e-05 8.3167513352804152e-07 2.7891212328570465e-05
3.562522035503344e-06 -5.3376770245516076e-06 8.1655505549534069e-06
-2.4477668472116382e-06 -1.8632762122314239e-06 1.9705988454004481e-05
-2.5127902984912326e-05 1.2991989614061228e-06 1.971700137265095e-05
3.2998755487099324e-06 9.2686510245409102e-06 6.1081794136091802e-06
-1.1051943941085527e-05 2.8005109575929277e-06 1.9551160892496818e-05
6.4521063105754672e-06 4.1754668568860288e-06 8.1370219541347655e-06
-5.9337609256991989e-06 -7.8983355742828776e-06 1.0503258081562419e-05
1.9088585927733853e-06 -5.4670788550148508e-06 -1.1582980329993831e-05
7.8521634336858881e-06 -7.0065861744739166e-06 1.2322120651810965e-05
-2.0756259883993038e-05 1.5290748602584539e-06 -2.5906435945139768e-06
1.1692255210644931e-05 -1.3330642787412472e-06 5.1517609601231529e-07
-1.1625946927777589e-05 6.5882916473762512e-06 5.1797777112692032e-06
9.0373661956778817e-06 -8.8504539485839348e-07 1.0313710965400777e-05
5.5879177362294242e-06 -2.4354488629791879e-06 7.0738159642126652e-06
2.2061076071014374e-06 -4.6126824530534627e-06 1.3064329113968848e-05
-8.7225865620620124e-06 -1.1041699909813962e-06 2.9214121024436629e-06
8.5600876986377528e-06 -1.4132148971138932e-05 2.9658188972249422e-07
-6.0349633963785454e-08 -1.023274535494334e-05 7.0085374034335735e-06
5.5892699092333271e-06 7.8624341977893768e-06 8.7809086271282926e-07
-5.8825535905615437e-06 5.7794428995894265e-06 -1.2032386481543745e-06
1.8583725292409432e-06 -3.6447004692699569e-06 1.38386241579981e-05
9.6652760659574847e-06 -6.0205138407007017e-06 1.0133587290133902e-05
4.2040764321762864e-06 -5.5523024353554902e-06 1.0314935082623515e-05
4.7213550255728078e-06 -1.4609672818866222e-05 9.6563847894670304e-06
-1.5976908188985608e-05 4.7668600745374838e-06 2.9696487392019261e-06
-4.2287206276833949e-06 8.4016500014136991e-06 4.8803872645926023e-06
-2.7855182936658331e-06 -7.2102007237801607e-06 -8.0890444136630379e-06
3.1458812511807675e-06 1.0603181017053431e-06 1.8735243678379052e-06
2.9128622486430792e-06 -8.7887731134174939e-06 5.6532068565081586e-06
3.9486210601895333e-06 -3.9298994547222466e-06 -3.2675757539561701e-06
-7.7853901120394308e-06 4.7802821958391637e-06 -3.3070514520814335e-06
-2.9915659879448109e-06 -1.0047303348019454e-05 9.4405765566074606e-09
-1.5544155046420078e-05 8.7546399325796149e-06 1.472458238786778e-05
2.9517346684630141e-06 -3.6328689187062422e-06 1.9632665735503513e-06
-4.4095776200908415e-06 -3.0582027658173846e-06 -1.4459470407512942e-05
-2.8584760704922664e-06 -3.3705332577789171e-06 -3.2453112219330239e-05
4.0411760619590495e-07 -5.2353446228919909e-06 3.0231078715489343e-06
-5.0735406353834407e-06 -8.217490146122941e-07 -6.0169342115832191e-06
6.1760078732397018e-06 3.4360945958449365e-06 -1.819447643782693e-05
-7.3406290936041454e-09 2.1821775005207128e-06 1.1739839111343754e-05
1.8573169840033178e-05 -3.6144156442579064e-06 9.1036888225405621e-06
-5.931628669131328e-06 -1.0274776436336452e-06 -6.0476198640436743e-06
3.5379328376956148e-06 5.4935729909763586e-06 -1.7030934244429558e-05
-2.6628906969229649e-06 6.2652186794132092e-07 -1.9772108348151129e-08
-1.3289977098748795e-06 -1.5502163902491543e-06 -1.7823235127344822e-06
-1.7905295095713086e-05 1.562699486312713e-06 -1.599812493581598e-05
-3.631691455299518e-06 1.6620645712775092e-06 -5.4539236409061531e-06
-2.7720959236126469e-06 1.6514814925733257e-06 -3.0713888950147789e-05
-9.1451359623614947e-06 1.0838266118043394e-05 -6.094100887803211e-06
-5.4213006149793352e-06 1.2455631009856971e-05 -1.2859620608296138e-05
1.124975483431101e-05 5.4113520852345359e-06 -2.3635825090663476e-05
3.5122982928979807e-06 -1.0766665939569708e-05 -1.6699978284389488e-05
3.9380252794089798e-06 1.952229899870872e-05 -6.7919115957805476e-06
-5.0835214482156804e-06 9.3878267157787576e-06 2.5688963780566912e-05
-6.0710613933425209e-06 4.9978336575690063e-05 -1.9031382516292161e-05
8.5881188613134984e-06 1.3106145180408202e-05 -6.0263103235543014e-06
4.5397348229631419e-06 -5.26900221285969e-06 -1.5926971547929316e-05
1.156661355609575e-05 1.9668571760781545e-05 -2.0863457227447069e-05
-2.7655354306228147e-05 3.3699428971464135e-05 1.0416222508011219e-05
2.0896929974478784e-06 -1.3975386561004832e-05 -2.7207134818724082e-05
1.4651730883383183e-07 1.1659172016886281e-05 -3.6741753493663154e-05
2.5376225960424548e-05 -1.8763962628350062e-05 -1.374539543551323e-05
-7.3293937942095185e-06 -3.9448322771616596e-05 -2.8670175986992945e-05
2.0697738030549237e-05 1.249277217166625e-05 -2.4957621399254079e-05
9.0844620756480587e-08 4.3159233636264061e-07 -2.8759860573912472e-05
-3.6219459505219126e-05 -3.0354824196408836e-05 2.6300502371475517e-05
2.749256593961337e-05 2.235404844295498e-05 4.9482640541824441e-06
1.620762268546164e-05 2.4410611435044839e-06 -2.6691663730567861e-05
-3.3517396176104778e-05 1.3016255538288364e-05 -1.1258724582527218e-05
-1.1690648475824218e-05 3.2573633856440576e-05 -5.031636174684187e-05
2.5179562302455639e-05 3.6619493741785192e-05 -6.8836184214928444e-05
-2.1980351663001239e-06 -5.8556990963631872e-06 5.4631865952975422e-05
-1.8683612091159574e-05 7.5572567415568837e-06 3.0174488596379501e-05
3.1192511474403828e-05 -1.7411610198539429e-05 1.4465639897542903e-05
1.5087561333771565e-05 -7.0625936740564832e-06 3.6652606532915771e-05
-1.7276843951327323e-05 7.4342130582938371e-06 1.4583501470460947e-05
1.1048873330948839e-05 2.6832945483138033e-05 4.4043974414602729e-05
5.9320647138256036e-06 -7.3051258103846647e-06 2.6613816580764254e-05
1.4847545718671765e-05 -8.8470763537126101e-06 3.2199671265447315e-05
-9.9556839011291642e-06 6.346224627784211e-06 2.7346767611492739e-05
7.2432726811773459e-06 -6.0612499059864433e-06 2.5269346049608315e-05
1.563601803335695e-05 -1.632155608288591e-05 1.0011224268599225e-05
1.0731110172927011e-05 -5.7746589430870553e-07 7.3427498223713195e-06
6.6311073809721677e-06 -5.7413388554611311e-06 2.1025192273677051e-05
-7.6875345757804886e-06 -3.9605701751240299e-07 1.0121004571409291e-05
5.7478317519454869e-06 -7.9029392586679736e-06 -4.1079744475766588e-07
4.6989812313574797e-06 -5.5085318242855535e-06 2.0369039679213156e-06
-2.3717312664928938e-06 -7.6165485587047568e-06 1.3017234481735475e-05
8.810199846545283e-06 -9.7470166794677571e-07 -3.2258638362023685e-06
-9.3647346049649527e-07 -7.8589802963643929e-06 1.3771520460568402e-05
2.4329844177974069e-06 -9.0134970591473039e-06 -1.2486643327733887e-07
2.5471853613290296e-06 -1.4353804647388585e-05 6.9977554216061496e-06
2.20681548994395e-06 -9.7105449755082026e-06 6.5759365746181908e-06
3.4424427933256452e-06 -2.1905253138297665e-06 -6.5384573378930987e-06
-5.7648694351264407e-06 1.206564478695854e-05 -1.1446637535737769e-05
5.7956331959672924e-06 -8.4663558947567497e-06 -3.3196878692909326e-06
1.0964418530375747e-06 -8.4728261516980874e-06 -4.4783436029035423e-06
-2.5270192601789532e-06 8.5983860377246424e-06 8.2802884018018386e-06
-9.6188562965521945e-06 8.7374428728460157e-06 -3.3972103087157035e-05
7.8872982754996102e-06 -2.0644864448082778e-05 -3.389694792951814e-05
1.7922248556003981e-05 -1.4595693641976382e-05 1.1879445104050201e-05
3.8814631966935242e-06 9.9006703329317103e-07 -2.8839937656639086e-05
5.7506721500040131e-06 -4.3384183342270663e-06 -2.2242045012743974e-05
6.5493466383317617e-06 -2.2281984329575177e-06 -4.5821893966124794e-06
2.7793747925914798e-05 2.4242385539591411e-06 8.2421882373062694e-06
-9.5806511459795018e-06 1.2849464959253931e-05 5.2278919848713912e-07
-3.9134986669448423e-06 1.6189513047775925e-05 -4.992131206188466e-05
-1.9627877835048935e-05 5.3583097242626554e-05 2.782313770786915e-05
1.0282999811157822e-05 1.6120349594896111e-05 3.4763737701707167e-05
2.0159208410988616e-05 -1.4593446046807373e-05 2.9572986666297988e-05
-2.4958816493409614e-05 -2.6820951262985365e-05 1.0579596105066494e-05
-1.4394026658370862e-06 -1.5082009082650893e-05 1.6743092261517489e-05
1.164559117887586e-06 7.0563467500586469e-06 1.598676404357402e-05
3.7334039399737276e-06 -1.5068656950172673e-06 1.7863822130010803e-05
-1.409622350095896e-07 -3.5373425659838975e-06 2.9586716830620752e-05
8.0480852864984326e-06 -3.9586094551439903e-06 2.0744907853387142e-06
-5.8409126048146465e-07 1.000326413937375e-05 -9.1441620653294107e-07
6.2495342046170119e-06 -1.2265725140560031e-05 1.0812479943039105e-06
-7.9936378372161797e-06 -1.1666977379914435e-05 -1.4655192097560001e-06
-5.2327186832423514e-06 -3.9976089620155343e-06 -6.1331056867842655e-06
1.3184033481964666e-06 -7.7220844014156981e-08 -3.2440094410110271e-06
3.3487593462301911e-06 -7.7184168419362764e-06 -3.2218818844438228e-06
7.8519147876624125e-06 8.437169156389878e-07 1.1315590791387988e-06
-1.1553518329071588e-05 -1.3100806458818393e-05 -5.0318830108492946e-06
1.1285973598897775e-05 7.4675471369379035e-06 -7.6111063392319406e-08
-2.6567462848052763e-05 -1.1399850456292457e-05 -1.7067901671330432e-05
1.6481063720039492e-05 3.9879555554201643e-06 -2.5194151605668208e-06
-7.9428214197600072e-05 9.2561758711050268e-06 1.5748514797117585e-05
9.6270144631874915e-05 2.8590030888633877e-05 3.8201693621162103e-05
-2.4968739640966742e-05 1.7344563979213024e-05 1.1767083472138257e-05
-3.390419514957149e-07 -5.6932145752613961e-07 -7.3735128565261936e-06
3.753092156004445e-05 8.8806685720616008e-06 1.8788862917665759e-05
-5.26393855823995e-06 2.5326305046063924e-06 1.3100531490201073e-05
2.7620653661214467e-05 -3.3661205756423118e-05 -2.046248295417552e-05
-2.1597006828175114e-05 3.4440706744992555e-06 1.9240698641537213e-05
1.5163566365401088e-05 -3.0440434264644711e-06 -1.5145249830702328e-06
-1.5529364806959184e-05 1.1897222214153624e-05 4.4573831316519483e-05
2.687229809166837e-05 -2.6393677989317021e-05 -5.6397723574019842e-06
-6.4108328957507288e-06 -2.3086126060183412e-05 1.1538480812467921e-05
-1.2020925072409039e-05 -6.992765740218565e-06 5.2942106388537136e-05
-1.7351143765109711e-06 -3.115219209159914e-05 6.5440551443092521e-05
6.0688109673537327e-06 9.4402332235510311e-06 4.8166448741920886e-05
3.6205388679842743e-06 -4.5260562846986124e-06 5.0287099036120872e-05
-8.6479543682057474e-06 -5.5841148625882376e-06 5.1195762694676634e-05
6.1759071120461591e-06 -1.864820218054403e-06 6.9658266771840949e-05
1.6530034190331833e-05 3.9723361508481325e-07 1.2690579452849515e-05
9.4643655262048457e-06 1.6180053281919937e-05 3.4764065324215988e-05
-8.621234088630747e-06 1.9561205540433169e-07 3.060554139122651e-06
8.3099354703172756e-06 -1.4536497163809142e-05 1.7552784072567829e-05
-4.8920227428278507e-06 7.7562021972565898e-06 7.6156994482240448e-06
-3.67303447111611e-06 -1.4888028636660111e-05 3.4577642009536724e-05
2.0307895179696788e-05 -5.4038055222061909e-06 5.3118602668023127e-05
6.8579830487108806e-06 -4.1344545731181181e-06 2.570054136485922e-05
1.6690651558598502e-05 -6.2368482486169219e-06 5.0054262218175578e-05
-1.8935944795786183e-06 1.2414303515034808e-06 4.017636061686172e-05
-1.1545449072758104e-05 -2.7344365541512317e-06 3.3906245874647245e-05
-1.261591081447277e-05 6.2240850826206229e-06 2.3698797006779587e-05
1.1771954867383343e-06 5.9534917882797522e-06 2.7915756327429806e-05
-5.8687785358842171e-06 2.1876296652789673e-05 6.4989415690247521e-06
-2.2588856827820969e-06 -8.1559051196885418e-06 -1.5918359959204986e-06
-1.3094397067356378e-05 6.3091796256506405e-06 8.1429866770343917e-07
-1.2848926248032466e-05 -1.8151215564893297e-06 1.8415483355696538e-05
3.4581465522959265e-06 4.7441220906718762e-06 1.4128432477840402e-05
4.0064901565333919e-06 -8.1927893624128556e-06 2.934508696122301e-05
-8.3224425637978471e-06 4.9126463109450125e-06 1.3342232664241763e-05
6.6473597111066374e-06 -4.6279789699399387e-06 3.9394026353833933e-05
-3.6973163407699738e-06 -1.1396734944046916e-05 8.1660647403836162e-07
-6.0818128193405157e-06 7.0613544159449891e-06 3.064623048348869e-05
1.7314665961554176e-06 -1.0874719892750573e-05 1.0926021081516385e-05
6.3720241823897461e-06 2.2235874003184719e-06 6.1308945046023577e-06
-1.9088714441166388e-05 1.9987849932880108e-05 2.2331800645980504e-05
9.3305513035324417e-07 7.6130903641502545e-06 -3.9799149981756266e-06
-6.2996221091750811e-06 -1.2498926925787563e-05 1.7644869613143559e-05
-7.3715466349516534e-06 2.6192791899174242e-06 3.1484993508246184e-05
7.3464797558952997e-06 -9.0582853496355697e-06 -7.7569415439563381e-06
-2.6758878719656775e-06 7.580276545249037e-06 1.0891281790386226e-05
-2.7756783143710651e-06 -1.5510076426570766e-05 1.4749618182993609e-05
2.0177353991911867e-06 -2.0849933574999292e-05 2.6403316341072625e-06
5.4728432553954875e-06 -3.5179932700718508e-06 1.2894456809797727e-05
-6.7297746967232442e-06 7.5533063174648696e-06 2.3743482007463154e-05
3.5167306034755708e-06 -1.303242829736595e-05 4.328292333002291e-07
-1.130496314125963e-05 6.367700533969553e-06 1.0886763044240522e-05
-7.4924930563055841e-06 -1.0201433908429633e-05 5.6567520857679458e-06
-4.1787901103942926e-06 -1.2609806726848749e-05 7.5553217904963943e-06
6.8942884208847421e-07 -6.2925162698755643e-06 1.5989064077074781e-05
-9.39040038519523e-06 7.8823944517497635e-06 -1.6405376947945666e-05
-2.3012174302089461e-06 3.8230345424383749e-06 -4.0903224234473123e-06
-8.0523666021181661e-07 5.3471492618278882e-06 -6.0425760148030694e-06
-7.4531470453336845e-06 5.1568476652105418e-06 -6.7468084693628194e-06
-1.2518439029829409e-07 2.0875192085351157e-06 1.377742339277177e-07
-3.8354165294296472e-06 -3.8745792570044069e-06 5.0897817746786353e-06
-3.7191191133611823e-07 -7.3718460907173933e-06 -2.3375938816400846e-06
3.8042908995818137e-06 -9.9939481187178922e-07 1.4402279906302294e-05
-2.0766261991933543e-06 7.4068611843336463e-06 -1.0688711432678411e-05
4.7000747526587672e-06 5.4590194936837699e-06 1.1635454245616239e-05
3.011582293598927e-06 -3.1915627038969774e-06 9.3589809602838188e-06
-1.0220501978077182e-05 6.3570205728682994e-06 8.4551700525528628e-06
-1.1582869366699722e-05 8.8200797178500379e-06 -1.3444672636399313e-05
-5.7072123192669633e-07 -3.8366117425803203e-06 2.2452416228991167e-06
-1.5285444595725117e-05 2.7442907701690639e-06 -5.496280984410018e-06
7.9881551216381963e-06 -2.6118804295031939e-06 -9.2128781592620834e-06
-2.2308728262684929e-06 -6.567515398250845e-06 3.1629638544278249e-06
-3.034636679661126e-06 6.1763256572950248e-06 1.8149388165356051e-05
-2.5778286780880899e-06 -6.1060936276807753e-06 -3.8059136605872457e-06
6.2864951701786104e-06 -7.7224185616314722e-06 1.1794616562865734e-06
-6.8424890113660819e-06 -5.2133978397095326e-06 -6.9062661785523893e-06
-7.372258633502049e-06 -1.4256974241178e-06 1.5591135362480468e-06
6.276661169179031e-06 -6.720618924499315e-06 -1.1572425308702811e-05
-8.2640858060127036e-06 -2.5751030097512229e-07 8.0110370102755291e-06
2.6526131109531892e-06 1.3346944079353773e-05 4.9487782966539662e-06
-1.078805736432746e-06 6.0605110493994196e-07 1.1629959768555409e-06
-1.5750695394736725e-05 -3.3118366782047826e-06 2.2088793340424573e-05
-4.1981857713813131e-07 -6.2942030744361777e-07 -6.0633897659839731e-06
2.3987705513525692e-06 3.8316905518198663e-06 -9.4590112995313709e-06
7.2160399692336452e-06 6.8441858650791776e-06 1.6621238757397183e-05
9.2058036432881782e-06 -4.1386869493453826e-06 8.7718710715598003e-07
-1.5442541621495109e-05 6.9056679091704376e-06 -1.7449511001786568e-05
8.2800987404504172e-06 -3.477442597324108e-06 2.1456443797171256e-06
8.4133253993451396e-07 1.8172028981480737e-05 -3.6953238322715021e-06
7.4768305313166472e-06 8.9438836438637814e-06 -1.4695937517544833e-05
-6.1602891382739333e-06 -1.0631518638781756e-06 -7.0998793401388927e-07
3.0199296126715014e-06 1.8452638111805114e-05 1.242002364387762e-05
1.233608419176635e-05 -8.202387733785739e-06 -7.4959135123314757e-06
1.5959001575492626e-05 -1.6545019847352682e-06 2.4775564829299102e-06
-1.7035734004797855e-05 2.4067117563204233e-06 1.5717147010124721e-06
6.3909846272289239e-06 -1.9220646100236161e-06 -1.3767019018423587e-05
-6.9023542927405812e-06 9.2138741656193346e-06 -1.2626956534811384e-06
-2.7203836732499873e-05 -9.7043976977272492e-06 -2.1160888432494016e-05
8.0814919709015776e-06 -4.34363837843732e-06 -2.3285218199664559e-05
-1.8286885537385777e-05 -1.4969072124990102e-05 -4.0873172353420029e-06
1.2207903215592786e-05 -4.7942467023354488e-06 9.8124238128126373e-06
6.8111720532542558e-06 -1.4438742953178498e-05 -3.8237924774156551e-05
-3.3439807356830387e-06 -1.2825121850038035e-05 1.4734520287981723e-05
-4.9858003254351496e-06 5.2027095202447984e-06 -4.4551824994270104e-05
-1.1939048477606351e-05 -8.1339087169285396e-06 -2.1799745822850825e-05
-7.8271301274240456e-06 -6.0407847867482989e-06 -2.5273541197037841e-05
7.1713709254850322e-06 -1.1264462272952969e-05 1.3115196342729709e-05
-9.879073453596468e-06 5.0270164422827612e-06 -1.4689672347031153e-05
1.3713419825533979e-06 -2.8160410689426207e-07 -5.7631012132068615e-06
-3.9121094695671044e-07 -2.3252850788607615e-06 -1.8308329719053575e-05
-1.8439692087271475e-05 -3.4432230348879767e-07 -3.6944990248387322e-05
-1.0526415565981218e-05 7.7327846072089423e-06 -1.2048806255096531e-05
1.1998147007016846e-05 7.0667389616418941e-06 2.4770981051247531e-05
1.2170403878978682e-05 -9.2178057526091655e-06 -2.0466408981456574e-05
-1.6756174370257152e-05 7.4374358144441339e-06 8.6552879239632538e-06
-9.9563295769267146e-06 3.1343121227600523e-06 -3.9109220747041151e-05
-7.8424764335463526e-06 -5.4810827539719664e-06 -2.0011114908596861e-05
-1.8304216692495781e-05 1.3783268588676324e-05 -2.2889070295423024e-05
6.8827619457249856e-06 1.0534669217078865e-06 -3.5177052874220578e-05
-4.9310746631653216e-07 1.1042303739665418e-05 -2.6341855622965095e-05
-1.9972546980808565e-05 2.019080600133491e-05 5.7999376967543537e-06
-2.1753094843533424e-05 -7.346394599656858e-06 -1.1250964762121729e-05
2.1030418722089994e-05 -7.4278350752632338e-06 -8.346852661753057e-07
2.6250714258355502e-05 -4.4321219483744159e-05 -3.9442661414860713e-05
-6.0398197250267904e-06 2.3572759971182689e-05 -2.5214364554215773e-05
-1.3685549966623425e-05 -1.2409691450078369e-05 -2.5900224840752495e-05
-6.2659130843531399e-06 -3.3777701010290206e-05 -8.6807876921030092e-06
5.3352775731957403e-06 4.104867953905883e-05 -5.2561730548017493e-06
2.9287368218208765e-05 -2.7753308992926884e-05 -2.3313625767851232e-05
1.5680354795113982e-05 -4.8875564769082502e-05 -1.2790504765672339e-05
7.4341505142405673e-06 1.5842992188069838e-05 -3.4047041267804001e-05
-5.6800940750126316e-06 -8.2679779175448553e-06 -2.7336427514224512e-05
1.5523359461591007e-05 -4.0568267282731912e-06 -3.6803993655257217e-05
-2.1232250528200984e-05 -2.9024300130997202e-06 -6.0396939868728738e-05
2.6822416146340608e-05 -6.1156962647598281e-06 -2.5304039679683882e-05
5.9986612236114683e-06 3.5809139802671727e-05 -8.3416594154676199e-05
-2.5015857149784937e-06 -1.4385870955577196e-05 -1.9896777522787623e-05
9.3096909572695785e-07 7.6679229732284915e-06 -3.611194248142463e-05
-4.4108797955840081e-06 2.7208265158936184e-05 -9.8269648149046374e-05
1.5006446164478326e-05 -1.6697289387884728e-05 -5.238535204621364e-06
-1.3824711372409108e-05 -6.2393524013928356e-07 -1.9755068271266539e-05
-1.9720735243707044e-05 6.0562751363069101e-06 -3.8745247831151186e-05
1.7109436932007951e-06 -1.6151343171915189e-05 -5.0689267576217289e-05
5.5963707668311991e-05 9.8147353598254661e-06 -9.1169692700510119e-05
-5.2899451268597492e-05 5.5923693968173982e-06 -6.2296309819466836e-05
