-1.1134565349808952e-06 -1.1082114882344184e-05 -0.00074075622569821052
-5.12508942488131e-05 -4.4161601669725353e-05 -0.00073456963065633187
4.4546606528389487e-06 3.6148498237478788e-05 -0.00072780670966034189
1.9443184710699057e-05 1.1058730444379883e-05 -0.00059372173923937129
9.2990263564907139e-05 -2.3887087323204437e-05 -0.00044185257882433607
4.9154513033222713e-06 -4.6691478239768713e-05 -0.00035080175728214539
7.5230273608936638e-06 5.5249245515445213e-05 -0.00034725469920931888
3.7396835965531545e-05 4.5482879632796624e-05 -0.00040377818566313638
-5.3757475394646155e-05 -6.5842944474932275e-05 -0.00048640118656234459
9.7860637971815582e-06 4.0638569941721381e-06 -0.00057606153587648305
-3.1414730114550633e-05 1.9030095207456714e-05 -0.00052403206457138363
6.5481623676762191e-05 2.5018766341951618e-05 -0.0005098113203769513
-1.4084887207183733e-05 -8.9275674683975126e-06 -0.00052096292816691467
-3.073042845620072e-05 -4.826358386722339e-05 -0.00052035577766045352
4.040695652246544e-05 2.4604066269577618e-05 -0.00047329011551383061
4.5095118006569564e-05 3.3635972649811996e-05 -0.00049442907702147536
1.9963504812280097e-05 -4.8773713460507906e-05 -0.00053599085881743912
-4.7399616168060854e-05 -5.3460442544289374e-06 -0.00047387041099623394
-3.8817866600870943e-05 -1.5645893688963656e-05 -0.00052157855643861391
-3.1889711868053389e-05 7.6147721574973534e-05 -0.00044550660516182866
-1.8296396991746011e-05 -2.5130532868107764e-05 -0.00043119294761327122
6.0726315376626386e-06 -5.8334574328966493e-05 -0.0004290736682261171
-1.8333336871970141e-05 7.0026157792276583e-05 -0.0004726246980394453
-2.0479576736835703e-05 -3.3276554196621372e-06 -0.00053357017689368777
-4.320394386197351e-05 5.1083725243102063e-06 -0.00045693216563862018
1.1627211742016447e-05 -4.632186880445437e-05 -0.00053592643342997934
9.6090055703963431e-06 5.110597382482554e-05 -0.0005180252202806393
3.6790752657211219e-07 4.3621538222155566e-05 -0.00052741002228417003
-4.5451318020299503e-05 -1.9184252279707756e-05 -0.00053152666557387731
-4.0697975528115882e-05 -3.897915564687433e-05 -0.00053619806226156905
5.8099461143052387e-05 -2.3141593894718954e-06 -0.000555948039828719
-8.6292815210040064e-06 4.1495270273208444e-05 -0.00046856776755028594
4.3606262913088722e-06 2.10058151534874e-05 -0.00054286345041916657
-6.2180154362822469e-05 -6.0610604033890718e-06 -0.00048900748560029485
4.4715003906591055e-05 2.9111101892079043e-05 -0.00049479758235055401
1.7497316013618619e-06 2.2458878171968243e-05 -0.00046678273401926616
-6.5034058796724733e-05 -8.8902765431162379e-06 -0.00050923779054679735
1.2086112747214152e-05 1.5147620562677711e-05 -0.00056027861578955042
-1.7882049504353947e-05 3.5703812766689014e-05 -0.00047245582214842409
7.2647093937479659e-05 6.1603420325878622e-06 -0.00057029857382917028
-7.3985057393861803e-05 -8.6052391397297367e-06 -0.00052829027308490348
-3.418813745627054e-05 -3.1777758546510521e-05 -0.00055063808934813132
2.5577371392741528e-05 6.9372678985119701e-05 -0.00051793258832645746
-1.2010858593540051e-05 2.8724623780920083e-05 -0.00052943807706226642
-2.7289830099083007e-05 -3.6905956276471474e-05 -0.0005678302186536725
-4.8683838438686448e-05 -2.5336356958491346e-06 -0.00049909685830686577
-5.0183894064116663e-05 -2.0170948848515727e-05 -0.0005587624096709265
-1.0868673562283021e-05 7.6560130563903261e-05 -0.00050852089031717083
-4.2508341287286755e-06 -7.1117895088755601e-05 -0.00044616106877653008
-5.7430243750257633e-06 -5.9179331310013628e-05 -0.00045516363339470796
-9.5940233746337478e-06 8.702190729659165e-05 -0.00051221158825228222
-4.593494030083467e-05 -9.9038786294082873e-06 -0.00057455949407860495
-4.9322650549414387e-05 1.8292678434481117e-07 -0.00048712744978171661
-3.9902234411535659e-05 2.6950222793515818e-06 -0.00065909071535651467
2.1948257885356232e-05 5.9196477355638599e-05 -0.00054096185248067759
-1.6361614441398262e-05 4.9749260246877841e-05 -0.00054720230816621661
-5.0805143724541165e-05 -2.5375516446723284e-05 -0.00056244345511393713
-5.3134348079617033e-05 -5.6185075753001357e-05 -0.00054837947075039341
5.3416099457643732e-05 -8.2343723890598852e-06 -0.00057609509696881535
-2.0051320481607142e-05 5.0813125683381267e-05 -0.00050185856593367058
2.6846759524191567e-06 4.0434912228229369e-05 -0.00056025517943649426
-5.807671190530988e-05 9.8219623786838239e-06 -0.00054978160637897226
3.3029362728340811e-05 3.4178892034135953e-05 -0.00053991684813969355
4.819015406775512e-05 3.067410658084968e-05 -0.00047248169926715922
-4.7518089247687231e-05 -2.5963163709907117e-05 -0.00049636282478098502
5.9988610477654189e-06 1.9943422774876219e-05 -0.00057954728609395031
9.1242493643426542e-06 4.0760589702561884e-05 -0.0005486555050850609
5.9171183457919652e-05 2.5401742941161265e-05 -0.00060190565137841802
1.6898138059568552e-05 -3.7325081001172294e-05 -0.00057595874313432112
-4.0027022724521688e-05 -6.0701921267328294e-05 -0.00056236495063169238
-5.5628561349500144e-06 7.6156429930360377e-05 -0.00054851576066652225
-1.417975257653252e-05 2.4820683368391899e-05 -0.00059605028121033875
-4.6150338502484733e-06 -3.6565214944031879e-05 -0.00058600790150994259
-7.424692195422372e-05 1.4600076936627238e-05 -0.00045732915355769718
-7.0039821729032947e-05 -1.4391947261827021e-05 -0.00062668077970141206
1.7275964737653489e-05 9.4799228995302265e-05 -0.00049210690763887635
-1.0055755562048824e-05 -5.7573554633993246e-05 -0.00051831885405476119
-2.3300674360213908e-05 2.6447119129581823e-05 -0.00042888822317715958
1.2000728957637447e-05 -8.2375184930344458e-06 -0.00045653759564599945
3.232680111168212e-05 -3.6676121958723745e-05 -0.00049321510072321446
1.5530802086286964e-05 3.7904585826690497e-05 -0.0004957072715892543
3.7282625219545867e-05 -2.9357970950397161e-05 -0.00058722024854497741
2.2712358457971024e-05 -3.8629515279886562e-06 -0.00066663918635075006
5.7343210929608777e-07 -2.3783430801671557e-05 -0.00065025788455533393
-0.00010365859149241512 3.7207161727288718e-05 -0.0019866016858813684
-0.00015519750778721067 -1.9679137801349635e-06 -0.001504791658542148
-2.8885822761504087e-07 0.00010228553692271519 -0.0015192068111370607
1.217897303451565e-06 0.00025938252174328991 -0.0017720334306302269
8.6846392221884598e-05 -0.00013534622567662469 -0.0017655827417260243
0.00010579929551455972 -2.9776370507469615e-05 -0.0021679590175966486
-2.9463755214472094e-05 0.00010695626562643671 -0.0016787827165030324
0.00021149180353902813 4.5616699737353189e-05 -0.0018230852183984559
-0.00017605012774816672 -4.2754181307444634e-05 -0.0018707602776498414
-0.00023323122857170017 -3.181526623991654e-05 -0.001822559345018385
0.00020115966763844997 2.8180146070463062e-05 -0.0017574890812056317
2.5601549132121815e-05 5.4432923448435866e-06 -0.00219921633868197
-2.059662706676256e-05 2.4209204636638226e-05 -0.0017685874891913023
1.1568561179850848e-06 -0.00020161746075536688 -0.0018041920133734842
-4.2651418187822365e-06 0.0002165843049488636 -0.0018137769795965059
-9.3352113830585254e-05 0.00023295894903558635 -0.0018222014046939908
7.9383507808694978e-06 -0.00021777214616648319 -0.001810344789318236
-4.8066192271214558e-05 2.7287940149766168e-05 -0.0021902907365241361
2.7670431790097205e-06 -8.1094581971044577e-06 -0.0017382114096580036
0.00020625719641159036 5.8462335017656856e-05 -0.0018198409452370463
-0.00023037453074645857 -1.5614761217572215e-06 -0.0018509442568135897
-0.00022132882318760919 -6.8419719821688485e-05 -0.0018309122039618601
0.00019453149050346143 5.7749652717895228e-05 -0.001812578776028884
6.4554111825002036e-06 -2.9517674833695606e-05 -0.00221916838788116
-2.3282776518139189e-05 3.6223257688879074e-05 -0.0017931103620889132
4.1475777550706132e-05 -0.00017921552701145524 -0.0018048369469403722
-2.9922396969854492e-05 0.00021828720094710027 -0.0018855939624964155
2.5990186771854967e-06 0.00021753354151458903 -0.0018851088639937324
3.6136742083827528e-05 -0.00023432685931272317 -0.0018127570810766349
0.00014559560323539923 -9.0890304504945285e-05 -0.0022091222958179075
-0.00012220621534688586 2.1555771655473385e-05 -0.0016704573729985159
0.00017917953299279065 3.428802676388315e-05 -0.0019740812073691851
-0.00029477949582185276 -2.6175493141730385e-05 -0.0019787409294326225
0.0001254282721626144 -2.6066354197079589e-05 -0.0015941532163539582
-0.00018809543087593139 0.00014505616715297653 -0.0016036172107990378
-8.2876034533133037e-06 -0.00010594734210998145 -0.0018611888426697757
-0.00035783547575051269 9.3965396602627149e-06 -0.0015536501688538373
0.00034973805057933379 -0.00026436819375307745 -0.001768403895585316
-0.00049241708043562538 -0.00029205551702642454 -0.0024230699562239229
0.000243854367684215 0.00013039375048146226 -0.002315979782707811
-0.00022747829666787574 -0.0004327141888026487 -0.0024903848350687902
0.00037474716648220745 0.00036129755295828187 -0.0025065150214955804
1.2595750032971722e-05 -5.8102871892731442e-05 -0.0018974396214452328
1.2475432015631241e-05 -5.1379195370121825e-06 -0.001919690245111131
1.2595179855233941e-05 -4.4224158654224566e-05 -0.0018975053416226025
5.7268527306154952e-05 2.4658562697722496e-05 -0.0019196892662814401
-0.00020860175692453574 -0.0004688924218359215 -0.0025274324010350034
0.00033969473145101659 0.0003339339114772284 -0.0025405170375051959
-0.00022504848790429882 -0.00041985913108539739 -0.002562982844350796
0.00036139680489845468 0.00035347793152039689 -0.0025711872678512195
-1.0880323185861757e-05 -6.9726379507224464e-05 -0.0019399017928274261
5.3868484010309581e-05 -6.6218334851195215e-06 -0.0019463093518912872
5.4102642984843637e-05 -3.5305700386073155e-05 -0.0019826021305832976
1.9101588366454616e-05 1.7007835868307602e-05 -0.0019793479634678812
-0.00016533475397771235 -0.00046925065488975836 -0.002589958811955867
0.00029800340304816366 0.00034276736176864044 -0.0025807917931848362
0.00022475676738265005 -0.00012931471578949208 -0.0022091824362860564
-7.2537393246956822e-06 7.3160377527105129e-06 -0.0023379291467627017
0.00020833120446508285 3.6863655757928687e-05 -0.0021140118491639742
-5.892479745640139e-05 -0.00011157808656333569 -0.0020517663755898509
0.00031293364359519932 -0.0002342219881487223 0.00146254607216793
-0.00022899472939435714 0.00022175171837097996 0.0013269082049517204
0.00025421617163218284 4.4415847915082251e-05 0.0011443243000250642
-0.00015665329478452283 0.00011184426454476093 0.0014417668994282755
0.00018408493824511978 -0.00025300818155527243 0.0010179101243214077
-0.00010276555262808753 0.00026815049158492011 0.00093193106689883412
6.2853827743676095e-05 0.00011179575155032178 0.00095963543014948582
-0.0001190310348442479 -7.6092365988773836e-05 0.00096392157619230173
0.00019517731681355233 -3.8697965480699592e-05 0.00081196553792090703
-0.00017151857554612016 2.974655079644728e-05 0.0010748989103316169
0.00038809581970874335 -0.00028757751659487518 0.0010537144727651646
-0.00026149334318746609 0.00026558082633254543 0.00093937332679074406
6.8287635577840566e-05 -1.3248797266149359e-05 0.0008446160952879974
0.00031175433102090255 2.1540114193918658e-05 0.00099457400956174183
2.8996128538918975e-05 -2.3628212421425432e-06 0.0009542849867892611
-4.8112881681001973e-05 2.8327402880085062e-05 0.0010582345877696315
3.1651743969789832e-05 -0.0001703242072760118 0.0011972460824879981
2.7586961994679083e-05 7.6402323621111657e-05 0.0011738336888512356
-0.00017247796542846605 9.4981262722906152e-05 0.0013469996281953237
0.00014942678764097683 -0.00015957759874375699 0.00138058173826088
-0.00021277703420103302 -1.0415709373619918e-05 0.0011076803006349698
0.00013963742177681981 5.0654834829466644e-07 0.0010787412336659384
-0.00021687185606989397 5.9844612198321447e-06 0.001530792821019266
2.7017963505149203e-05 -5.2036462237792843e-05 0.0014096736162825581
0.00011460253067796522 -3.5101171733598752e-05 0.00137998898824283
-7.1866670405157948e-05 7.6328003395478849e-05 0.0014480301808171663
4.6778898862735903e-05 -0.00021915758873622184 0.0011548071553586607
-9.3086249357516443e-05 0.00025989225380368408 0.0010647746600436561
0.00024811966948641947 -5.3918925895873895e-05 0.0011765000693006334
-0.00029775738829766226 9.1714102269220554e-05 0.001242494680725556
7.5570716767156543e-05 -0.00010581604968888658 0.0010577853387665516
-5.7228705494956605e-06 6.1312426147624999e-05 0.0010995025950920074
-8.0456262459435712e-05 0.00012090234385317422 0.0011009594283098063
0.00011499855844720021 -0.00010315770574030603 0.0011682503550875904
-3.163469522189917e-05 -0.00023014471230964955 0.0010174901720217296
3.0866164761347847e-05 0.00019950628283834509 0.0010235674649623182
6.3473960317875046e-05 0.00020194390013076924 0.0009797208249791526
-2.0089893207286333e-05 -0.00024506990814447769 0.0010024707272319553
3.5334559621439613e-05 -0.00013226636939722702 0.0010895752157866704
-3.1133699156291863e-05 7.7148105425787756e-05 0.0010823051564842583
3.1058492194757648e-05 -0.00010578231724067601 0.0010860656855802286
-2.9449400821834892e-06 0.00015452995310170914 0.0011682529206574026
-0.00024078869858012997 8.9098973636745141e-05 0.0013007857788131464
0.00021838720330653871 -9.7718638712915133e-05 0.001227799793023409
-8.5275747333711516e-05 0.00021320638434503547 0.0011108109919285673
5.3714602283264773e-05 -0.00022399656125079992 0.0011058734439369083
-0.00013189468384953995 9.7333405469059164e-05 0.0014078873392695083
0.0001174378804448678 -4.7530381018560941e-05 0.0013938181496307607
8.0884378506741432e-05 -8.6233931818324987e-05 0.0013747980865816516
-0.00011929916897388927 8.5176273519523558e-05 0.0014133055055114627
0.00022434366445158731 1.0027589127752784e-05 0.0011150635794980705
-0.00025110070694686626 1.1607959521058378e-05 0.0011202858122722308
0.00014069326869357857 -0.00018467787889850373 0.0012137313822153488
-0.00016514820615394623 0.0002051605804651857 0.0012572670292947501
-0.00016614087042343684 -5.1669694196454508e-05 0.0011842842547091885
0.00010571454436716789 -7.8351077779945729e-06 0.0010678876783140421
-6.2099756854824828e-05 1.5465177675127312e-05 0.0010868513341198965
0.00010762768282193691 -1.4201659905677122e-05 0.0010966237793896307
0.0002480076188371011 9.6663992465939597e-05 0.0010082054928844588
-0.00017768667328921239 -0.0001211987790676744 0.00097903646666008641
-0.00017062804254857478 -9.6110155142770104e-05 0.0009762342952900592
0.00020279188509007839 0.00010775133544987936 0.00099198210246240551
0.00011902668130114868 -8.6539282327560696e-05 0.0011593422111850979
-9.0361362845181592e-05 2.3919466030364323e-05 0.0010999150161326264
-0.00013792714030238401 -1.8950801975309295e-06 0.0011109180778794379
0.0001031877523339636 -3.4813299545924381e-05 0.0010675209508952711
-0.00018137021924789776 0.00019345200274432928 0.0012800509167983191
0.00016189831684725606 -0.00020319167696497553 0.0011766627548909052
-0.00026956201635889416 1.0827859143868607e-05 0.0010812004476547111
0.00019357571178201498 2.5653997895062203e-05 0.0011062415468622057
-0.00010795663566497832 2.9773836375784901e-05 0.0014687397131336426
9.7250256350750827e-05 -0.00010568900174750406 0.0013814117050939059
0.00012025636681182252 -5.2154814746339367e-05 0.0013820079572979746
-9.0826368109785669e-05 9.0053829800637586e-05 0.0014512076321533309
5.1243209979977278e-05 -0.00021561607397815874 0.0010742006560514709
-0.00010471561862767514 0.00023433555639261472 0.0010867349748154252
0.00022432548883587482 -7.3941034116812568e-05 0.001189061988467615
-0.00023474866367177136 0.00012147998196163079 0.0012580837055237888
3.7748029243821332e-05 -0.00011323980594320476 0.0010576437603697468
-2.1423617162869385e-05 0.00011342028487602851 0.0011041154711575081
-5.5004991884827911e-05 6.7257447576796192e-05 0.001071445437390902
8.8738219507603978e-05 -8.9767545484572357e-05 0.0011545815121514064
-3.5863457409187911e-05 -0.00022440163008624614 0.00099688400952194917
4.7584489984289075e-05 0.00018656613384701592 0.00095707239151116008
3.0988354664846884e-05 0.00020936031074993752 0.00096297325261830539
-1.4198308167651108e-05 -0.00024595258944198894 0.0010072518546107752
3.783240194932258e-05 -9.5724469855312799e-05 0.0010994881878433234
-3.2034296635517445e-05 5.3499720564509357e-05 0.0010647736306889331
4.6315218670933689e-05 -9.9735500677072819e-05 0.0010688678702648995
1.1049185933076954e-05 0.0001736268399071399 0.0011305599935963594
-0.00023835226426296638 0.00012182630161562333 0.0012340631247895924
0.0002043917425361088 -9.6172855967427797e-05 0.0011917408452770881
-8.9698632154699282e-05 0.00022416181519248346 0.0010966759691181487
6.0361547285638778e-05 -0.00021338930119076116 0.0010928806525614919
-0.00012658117079559139 9.0509124379922062e-05 0.0014018999916945978
0.0001340032566825803 -3.596362060018384e-05 0.0013723296715457377
9.8083297231568028e-05 -0.00010355775767653674 0.0013850493107773303
-0.00014376026461725144 0.00010178001490674521 0.0014038307847145208
0.00021513997123118509 3.1514930749326417e-05 0.0010753720996949483
-0.00023554216244607161 2.6958389118903435e-05 0.0010796831706284642
0.00014747137899466523 -0.00019065742323820523 0.001158910843172125
-0.00018127264617139038 0.00018898875452620645 0.0012208255214994183
-0.00015876162621193722 -2.2417914428229642e-05 0.0011443930889360292
0.00011141160281700217 -5.2882399864711193e-06 0.0010512821289963212
-0.00010524021934755351 1.7793760461265462e-05 0.0010650518451316808
0.00014981547757979274 -7.0754574392276059e-06 0.0010707031694275441
0.00021917019004161765 0.00010775992169056523 0.00098552437456897284
-0.00014529926881300706 -0.00012162815152445646 0.00092592858761982727
-0.00019214097311036349 -6.5653286760780638e-05 0.00095815862178140997
0.00019540242123233797 9.5601794083952085e-05 0.00096309398555572724
0.00011964968590845448 -6.5766328427821485e-05 0.0011219757216920402
-0.00016499168979878582 -1.9284179946299849e-06 0.0010587976183710369
-0.00012012667564180457 -4.3204891099782317e-05 0.0011130310937079411
0.00014599656087206647 -3.1793017373910049e-05 0.0010619904318271388
-0.00018826750588864932 0.00021109404036204205 0.0013042228519507277
0.00014611145669025244 -0.00017541829957330723 0.0012037328837146317
-0.00026523541009861745 9.2710527050044638e-06 0.0010705188217137417
0.00025336172175612315 1.3549249438367383e-05 0.0010622185918559394
-7.0723728841225186e-05 4.2611496625349909e-05 0.0014302171910907206
3.0517821392930106e-05 -8.106595008943937e-05 0.0013511616008804427
-2.6874740884502701e-06 -1.0225016309969859e-05 0.0012650945033815635
-3.0525183708843273e-08 0.00016296070978200072 0.0013073596941893303
6.5458413975927332e-05 -0.00022668321558470816 0.0010560755758063298
-8.4219497826269751e-05 0.00028542218534811231 0.0011060480736905416
0.00011673721889480807 -4.0448699208772265e-05 0.0012805561697860277
-0.00016237464161989866 0.00016532177596025613 0.0012114077274744915
3.9953544323397013e-05 -8.9069399881128858e-05 0.0011319618830446833
1.9608178985358604e-06 0.00010488180307408057 0.0011639560332763164
8.4481994001984312e-06 0.00020229858060730188 0.001070963070267196
-9.8742609028208694e-05 -0.00015757319598441732 0.00085660533757638338
6.6444718067638908e-05 -0.00022900157472335869 0.0010048800143888058
0.00016797834247939125 5.8786579760439217e-05 0.00088343412400944052
0.00010227632416681329 -0.00012901607184051533 0.00082759386054650011
-0.00020140670365212648 1.9417366846102846e-05 0.00066449489081733468
0.00013952497427113797 -4.1216124009105237e-05 0.00094550645125574331
-0.00015492470999282915 0.00024593377869263494 0.001025543015496521
3.5687022523045453e-05 -0.00026567845990538297 0.00096021170593293612
4.0023076082543741e-05 0.00031763588559140937 0.00097752957782581106
-0.00024577001576630159 5.6905210768367167e-06 0.00078594230812051302
0.00022067860765984798 -0.00010025422859195193 0.00088617619049087201
-0.00023108774806667056 3.6915586993369054e-05 0.0014355538863150032
2.7967315950078869e-05 -0.0002546853261420623 0.0011354841219725006
-0.00056185352131967597 0.00022277461036780688 0.0014714852137988482
0.00046918461200464237 6.2395031629441933e-05 0.0015917485237710409
