2.4398899707178678e-05 -1.4837059124583885e-05 0.00013593544420523185
2.4302625652894427e-05 -1.4774833597575032e-05 0.00013600420560022641
2.4291039904866807e-05 -1.4793523383072049e-05 0.00013599264752428564
2.4389711595559915e-05 -1.4832201487680052e-05 0.00013592705137677186
1.7202424863349433e-06 -8.7384183811893903e-07 4.319801342167473e-05
1.7768001354768277e-06 -8.9562257521436095e-07 4.3224415560656759e-05
1.7745019506021364e-06 -9.1237437171987068e-07 4.324392147547762e-05
1.7144105420265261e-06 -8.7096109918638476e-07 4.3221711541752139e-05
-1.5298996243467565e-06 2.3681324737567788e-06 -4.7341884717243266e-05
-1.5437821519658434e-06 2.4427834541136109e-06 -4.6739591354150178e-05
-1.5620590581374863e-06 2.3501429831129014e-06 -4.6925442649559113e-05
-1.5391130499635419e-06 2.4082608037767628e-06 -4.7172431860920128e-05
8.5643751886240057e-07 -6.3653312704753905e-07 4.2008433352030972e-05
8.2644474995962041e-07 -5.7559463811918121e-07 4.1810618399168442e-05
8.5714964399236982e-07 -6.1706554596119376e-07 4.1885557159823672e-05
8.9994075880384474e-07 -5.9954933737116356e-07 4.2020911141554818e-05
-4.8780526462132519e-06 1.3789610666612708e-06 -4.6128551111003502e-05
-4.9072371528567182e-06 1.2705027880359704e-06 -4.5921105659214867e-05
-4.9220017972195773e-06 1.3801481325015352e-06 -4.5888100099582274e-05
-4.9063450808897496e-06 1.2531513064959745e-06 -4.6020489070985882e-05
2.7093160397395621e-05 -1.5010389403435909e-05 0.00013503459691377451
2.718462753388399e-05 -1.5068334477341683e-05 0.00013493987157092713
2.7179878144656389e-05 -1.5076988801876468e-05 0.00013492264749731531
2.7076986746717548e-05 -1.5006819637469358e-05 0.00013504111616816084
7.1267148384242252e-07 2.3945663607896107e-08 4.6572037893828633e-05
7.4810758428356383e-07 6.3309891594823253e-08 4.6354892878318343e-05
7.7745574743212599e-07 4.6507596130457816e-08 4.6401371598607521e-05
7.0519337779233627e-07 5.4564730710962225e-08 4.6606573861580902e-05
-1.3151963197882547e-05 4.9433412572924811e-06 -4.7612896393642301e-05
-1.3187530040662627e-05 5.0388404737968569e-06 -4.721891017467339e-05
-1.3208456921695588e-05 4.9447166145522026e-06 -4.7232408579400698e-05
-1.3160706794232424e-05 5.0394186322938461e-06 -4.7414135182846651e-05
3.1467228624112997e-05 -1.6466022658756518e-05 0.00013671350578431385
3.1413081716946678e-05 -1.6410286733825608e-05 0.00013683062044420047
3.1413442124373779e-05 -1.6435491445754291e-05 0.0001368313974372537
3.1465834007927442e-05 -1.6449726032687724e-05 0.00013672008223736265
4.9550870491360294e-07 -7.5862421950541239e-07 4.8105081838271946e-05
5.068494990035559e-07 -7.7587427824155064e-07 4.782384908216808e-05
4.9241197661129433e-07 -8.3312336107439072e-07 4.7849005105120301e-05
4.5927820682418585e-07 -7.2434081380134963e-07 4.8081626749220396e-05
-9.6466862812763911e-06 8.2433104496511299e-06 -4.812254725988091e-05
-9.6329062861054936e-06 8.1419861021666401e-06 -4.7879443493700768e-05
-9.6855516054591983e-06 8.2488146673504858e-06 -4.7985819733059598e-05
-9.6647988818644639e-06 8.096093506334591e-06 -4.8042973648645959e-05
2.9489806707694299e-05 -1.8667220716750421e-05 0.00013682948595150624
2.9435897962574054e-05 -1.863657575712583e-05 0.00013695013359438235
2.9425559258777767e-05 -1.8641048256967663e-05 0.00013692729753109201
2.9481642649542561e-05 -1.8670867396652913e-05 0.00013683253754614988
-1.2142220696398365e-05 6.853580836185813e-06 -4.149726792568309e-05
-1.1969205132582057e-05 6.8251685284292929e-06 -4.136156370155783e-05
-1.2006888916796731e-05 6.7193450107508454e-06 -4.1470549138278301e-05
-1.2212426077421769e-05 6.9240034321071953e-06 -4.1457531484760668e-05
3.2066613533529402e-05 -4.4315899236916766e-05 -1.8784203739075078e-05
3.2015408961028058e-05 -4.4276556390276944e-05 -1.8583454197695914e-05
3.2063966247473534e-05 -4.4204558223364532e-05 -1.8605421882006423e-05
3.2114332432015425e-05 -4.4358759128225027e-05 -1.8873240894778931e-05
-3.4635079726483102e-06 1.3993192903680347e-06 -4.5659072807860412e-05
-3.67049439692845e-06 1.48797561402706e-06 -4.5500258831876472e-05
-3.6944020677282278e-06 1.4895563187704818e-06 -4.5521526605349361e-05
-3.5154434382859241e-06 1.3610594832082516e-06 -4.5606773881073925e-05
-2.793396457194397e-06 2.3438654387052116e-06 -4.4150984417651307e-05
-2.6235161806088814e-06 2.2948897473173968e-06 -4.4219609202506005e-05
-2.640231341777266e-06 2.2487660236159002e-06 -4.4235067347846158e-05
-2.8104082419842802e-06 2.4060145466936467e-06 -4.4162584895493517e-05
-1.1298121632908362e-05 6.7300155024902809e-06 -3.367652397745502e-05
-1.1461120879448531e-05 6.7177225246545236e-06 -3.3470342750252513e-05
-1.146745226099366e-05 6.8128074640072533e-06 -3.3555204794089022e-05
-1.1276190490695868e-05 6.6148654505049365e-06 -3.3541778817980372e-05
9.3335407059634318e-05 -2.813357890995888e-05 -1.9430983192986195e-05
9.3457867980858002e-05 -2.813548194873991e-05 -2.0372985994637771e-05
9.3402292233621929e-05 -2.8163318072579337e-05 -2.0174901602887374e-05
9.3275402020759433e-05 -2.8149410825533848e-05 -1.955368496606158e-05
-1.2041833637285628e-05 7.3112710674088331e-06 -2.174692540712897e-05
-1.2325985947000463e-05 7.5595894389879348e-06 -2.1498936972359078e-05
-1.2322025591880281e-05 7.491095790839006e-06 -2.1559412605287598e-05
-1.202226640364658e-05 7.3752639491997396e-06 -2.1633980277477316e-05
-3.9120604111187715e-05 6.7951215413322719e-05 -1.8976392368169614e-05
-3.9742936031380606e-05 6.8367219886542735e-05 -1.9244593709694113e-05
-3.9775913230604342e-05 6.8402684039936199e-05 -1.9085049200701087e-05
-3.9150767773121111e-05 6.7840614410036304e-05 -1.9014741759859621e-05
-6.0076768943483376e-06 4.6227898236220026e-06 -4.5629865653137869e-05
-5.8968054953700832e-06 4.5146976745125134e-06 -4.5616919232362163e-05
-5.9039352814664516e-06 4.6021180530825354e-06 -4.5662512529714983e-05
-5.9595191550521065e-06 4.5652054422307131e-06 -4.56188249780623e-05
-1.2513838143777439e-05 6.9008116652912984e-06 -2.6052843875135068e-05
-1.2875554281763148e-05 7.017110020934858e-06 -2.5789599690462239e-05
-1.2891113766412045e-05 7.0533020082596837e-06 -2.5969957028706969e-05
-1.2585857161313135e-05 6.812570956611988e-06 -2.5962014324587557e-05
-0.00010114773151679657 1.2898114813437218e-05 -1.9219991764490851e-05
-0.00010187283781754497 1.3189052322477553e-05 -1.9647007098860803e-05
-0.00010183708991499924 1.3226715137194985e-05 -1.9643463086832513e-05
-0.00010110625403478291 1.2930667159530285e-05 -1.93813735560322e-05
-7.4924286758002627e-06 3.1280698707775948e-06 -4.5367716484334686e-05
-7.4134539087703302e-06 3.1333941174554666e-06 -4.5359056843802259e-05
-7.4760272750843933e-06 3.059321541210025e-06 -4.5354115428039576e-05
-7.5359965597607942e-06 3.1651450563829897e-06 -4.5358180074679677e-05
