3.4249109059879268e-06 -1.6446818773205307e-08 -5.9181396612817839e-05
-3.1573343431987402e-06 -3.1475623843424394e-10 5.964876474376336e-05
3.0995418587879064e-06 -1.2657091565809742e-08 -3.6139200466014151e-05
-3.3610091437867584e-06 -2.288357042745659e-08 3.6398981863534473e-05
3.0248041466406778e-06 2.6019448054470651e-09 -3.6130531007667627e-05
-3.3385800211551027e-06 -2.1931189819377438e-09 3.6404511395436278e-05
-3.1217714334891636e-06 1.6252307728296776e-08 5.9639289989920751e-05
3.0900916386245036e-06 -1.4607798380205511e-09 -3.6164934152878737e-05
-3.4265850257959862e-06 -4.3175048896303136e-09 3.6378841770947756e-05
-3.1347140148376123e-06 3.8683753075807736e-10 5.9687650046699302e-05
3.4634006580768015e-06 -5.5080651220076014e-09 -5.9169038050720536e-05
-3.1916055976770308e-06 -9.9528638408052591e-09 5.9648637179430999e-05
3.4968151840063114e-06 -8.5861817772619597e-09 -5.9165879049181015e-05
-3.3976567043055537e-06 4.0425305726597e-09 3.6376218390289216e-05
3.0790603687061435e-06 -2.0206127034667497e-09 -3.6185205674576972e-05
3.1057928408552427e-06 -1.548845211420729e-08 -3.6156465975761744e-05
-3.4115955646291194e-06 4.8896491295746369e-09 3.6384731309637829e-05
-3.1429246033201272e-06 -1.6190898936708077e-09 5.9694648559206667e-05
3.4744604219226483e-06 6.4241944416573195e-10 -5.9162745010215168e-05
-3.202902813281925e-06 7.416590061778733e-09 5.967585883232809e-05
3.5124646326265387e-06 7.8988212637298716e-09 -5.9150865336845149e-05
-3.3844842747625913e-06 -6.6597850810479198e-09 3.6374733293243876e-05
3.0917680621301603e-06 1.4775545201413387e-08 -3.6184239503532761e-05
3.0239494572861228e-06 -2.1614792074242661e-09 -3.6129853218197245e-05
-3.3413413352471975e-06 3.1433315206361861e-10 3.6407521371378381e-05
-3.1237918653769306e-06 -1.6943909068997329e-08 5.9636464687825175e-05
3.4246544847754299e-06 9.1295419071824035e-09 -5.9195653168961793e-05
-3.1584977367168454e-06 -7.6685978530818821e-10 5.9657358254850117e-05
3.4294320889298457e-06 1.576149293822408e-08 -5.9181835092143604e-05
-3.3629522413168578e-06 2.4063257596099782e-08 3.6394557671511323e-05
3.0978433434652672e-06 2.64089871464257e-08 -3.6134247810590357e-05
3.422203751401922e-06 -6.7897133269444881e-09 -5.9195387205335671e-05
