4.3878760983794007e-06 3.2884850883227543e-09 -8.5983103847754594e-05
-4.3962950548821008e-06 2.3739899247809948e-09 5.3737204302710916e-05
4.390542403457249e-06 1.1031811405354253e-08 -5.5769187323001946e-05
-4.4379319873357609e-06 4.1007612132382132e-09 8.5703384022355056e-05
4.3831305725763534e-06 -2.4716760253090664e-09 -5.5741417492899403e-05
-4.3730237061442596e-06 2.0792073097963826e-09 8.567268194188335e-05
-4.3495710111800256e-06 1.4538667645438476e-09 5.3758302533611982e-05
4.4195492714532714e-06 -1.3678694308532149e-08 -5.5797730727186884e-05
-4.4920127846327651e-06 -1.101601436546279e-08 8.5695608035112059e-05
-4.403733534079227e-06 3.6566694984474513e-09 5.3823016314981636e-05
4.4799300768682193e-06 7.7032494316447899e-09 -8.5964199293780269e-05
-4.4160432405295988e-06 -1.6698976747905398e-08 5.3775947816249361e-05
4.4913763393579194e-06 3.1973380648273562e-09 -8.599119466805652e-05
-4.447008281634364e-06 4.4277922463243063e-09 8.5707602301726693e-05
4.3964363800053086e-06 -4.0257853963387069e-09 -5.5832177580704499e-05
4.4396857899926812e-06 -2.4174784422868203e-08 -5.5810862814531948e-05
-4.4835735728090444e-06 -3.7301042783244396e-09 8.5697707436199061e-05
-4.3976937334734773e-06 -1.819558179872756e-08 5.3816548652802811e-05
4.4595663821027365e-06 -2.1524894332702275e-08 -8.5948316027446153e-05
-4.4384118657695988e-06 5.4269134216848591e-09 5.3800118554163563e-05
4.48310964104668e-06 -9.1201932742035474e-09 -8.5970828828489665e-05
-4.4521476715560313e-06 -2.5046751166157843e-09 8.5709095687110798e-05
4.4062506908792813e-06 2.6622232278481622e-08 -5.5839997813361469e-05
4.405886088956301e-06 -1.8756425891608419e-09 -5.5764515008213406e-05
-4.3865436635337832e-06 8.3246124647469791e-09 8.5684332165363725e-05
-4.3683456260198116e-06 1.0672549216779459e-08 5.3758826323285292e-05
4.3829542032912915e-06 -1.2719683457548814e-08 -8.5967513766875558e-05
-4.389443168416557e-06 6.1141005886639066e-10 5.3748731541316619e-05
4.389026464116097e-06 6.705429781632237e-09 -8.5969018403991848e-05
-4.4332361982916957e-06 6.7160125749002493e-09 8.5674885678038715e-05
4.3915655611713466e-06 1.6541290906771887e-08 -5.5763565164966816e-05
4.3953621949375903e-06 1.2515177040539616e-08 -8.5950689929878421e-05
