-6.2077746648418706e-05 1.9614931906303257e-05 3.144342364094603e-06
-1.542983448102797e-05 -5.4792961398130241e-05 -2.5148353664410268e-05
3.597670285771697e-05 -5.6972838334242923e-05 -1.6755077465816122e-05
2.7896420020879532e-05 6.1567281262053797e-06 -1.364959266663985e-05
9.5335232199178499e-06 -1.0998598305000723e-05 4.7858927651059716e-06
1.3681423612944832e-07 -1.6615849207641913e-06 1.1871261450161104e-05
4.1905828055285865e-05 -1.7031681128531052e-05 1.8309997173982483e-05
-2.4411675676443839e-05 -3.381592629159505e-05 4.3447141192787773e-05
-2.4895404463845297e-06 -7.4372295088137585e-06 4.3244965302217508e-05
-4.0359059206201281e-06 -9.1725642945711394e-08 3.3556326378912302e-05
-5.5818844177878994e-06 -1.7795863784675651e-05 2.1935843637697298e-05
-1.0751996837916979e-05 1.0530049255816788e-05 1.1787846160063974e-05
-1.1231429146819573e-05 7.4686755510450665e-07 -2.4521644699364645e-05
1.4508687681639922e-05 -4.6232766171387402e-05 2.8884808154104255e-05
-1.4252387708345651e-05 1.9294380338735762e-05 1.5105208300658472e-05
-1.15734534916756e-06 -1.7165458211121365e-05 1.2026845675946855e-05
-2.7327539976005483e-06 -1.7517015301834766e-05 -8.2137604536089079e-06
1.0209008837509538e-05 -1.0245975054799794e-05 -1.4782401927392053e-05
-1.89381005251954e-05 9.1121741991361579e-06 9.7377807701413618e-06
-6.9271297459540216e-06 5.5737799177502101e-06 2.5032031779813509e-05
-8.4789145612974848e-06 5.6440959715700623e-06 4.5186715974867946e-05
-9.2003949010432962e-06 -8.7807972077857954e-06 2.6207064651339717e-05
8.312202207787743e-06 4.1868740583497766e-06 -1.7977413676467831e-05
1.8366568060070032e-06 1.1567799541478685e-05 1.8312038746938313e-05
1.3253644877216158e-05 1.4999618081358145e-05 1.9438659806507268e-05
-5.5838920017259319e-06 -6.4518002696823187e-06 6.7361301316439838e-06
4.6260192739799318e-06 1.6858703193981146e-06 2.8958210575166614e-05
1.5525422201963235e-05 -5.4384677563579231e-06 -1.3362182978502411e-05
2.6915338342120565e-07 3.2413698072483732e-07 1.4314214551880249e-05
-5.0980446442937255e-06 1.2520369793003262e-05 1.8783870102516594e-05
-7.627718781997965e-06 1.0343204355556246e-05 2.24385227880642e-06
-2.2587125131147434e-06 -1.8434746611886173e-05 1.6357866274317734e-05
-1.1910776541461734e-05 1.2839169943740236e-06 1.6439548665776911e-05
-1.0096952976086301e-05 2.1869014281208909e-06 -1.6698848701528213e-05
-5.2059145870438366e-06 1.1943959519097359e-05 1.483479636105612e-05
-1.9999261514706099e-05 1.5425252902796238e-05 1.4719598491406884e-05
1.0490251690390903e-06 5.2121215235625788e-06 2.8828298319783646e-07
-1.4234686181550145e-05 5.1492075936573938e-06 3.5975379707223719e-06
-4.5431875447988915e-06 -1.7219254332274383e-05 3.9742962576472252e-07
-1.4129697930959662e-06 1.6660106982286467e-05 -5.5883598512199498e-06
6.331543069231526e-07 -1.0919043923474092e-05 2.7402144471568544e-06
-8.7577372567280499e-06 1.7673210852542191e-05 7.9941564982075053e-06
-1.5073923571979307e-05 5.4507426556354988e-06 1.355715390489922e-05
5.9025428002448239e-06 -9.6486985938675073e-06 2.8627507416782022e-06
-2.7305760407100171e-05 4.7816661126361126e-06 -8.0938428450071445e-06
1.3979320183134464e-05 5.1582603269085831e-06 -1.2194437925246507e-06
-8.8015876568686347e-06 8.5056688046971848e-06 4.3413574662308149e-06
-8.6914563076042662e-06 2.423197916857911e-06 6.0621131997588493e-06
-2.1768850643462237e-05 2.8614515144360269e-06 2.3358335462660921e-05
-2.0196415946154792e-05 6.4052936151887119e-06 1.249556505595207e-05
-2.182136915651376e-06 2.2610473761730532e-05 -2.2877737840886619e-05
-2.7571552271942639e-05 9.4943661063662255e-06 8.1862874112318372e-06
1.5578539482535276e-05 3.8814210851745082e-06 1.0105510951747762e-05
-5.0580859035834118e-05 3.8468824611512643e-05 -6.2652714925747789e-05
-1.10491518781064e-05 1.0730585324525421e-05 1.4220659470225942e-05
-3.8160616799621551e-06 7.3662448592484611e-07 -2.8497577007945488e-07
-5.1454245339858928e-06 -1.1731157135735915e-05 -2.2389337040827802e-05
2.0921478539881466e-06 2.1673573029519499e-07 1.4683602678796336e-05
7.3701507615629734e-06 -2.7497924970920629e-06 -1.4352840840775073e-05
-9.3138131691867685e-06 -9.9197282266839763e-06 1.4987063946229548e-05
-5.8209367029184861e-06 -9.2316301104206078e-06 2.274831113777652e-06
3.6982358047159269e-06 -8.2986179331112631e-08 -4.060633752154489e-05
-9.8928373119082369e-06 2.177931212713792e-05 -2.7502558805190917e-05
-2.6426180811044489e-05 2.2068731549940504e-05 7.9168990157118743e-06
-1.0315082785178342e-05 1.0593949021517335e-05 -3.2221835258626833e-06
-1.4000290779437111e-05 5.5990739986078175e-06 -4.4087634956573377e-06
2.9916264709173475e-05 1.7969194612277306e-06 -4.1657320405358127e-05
-3.7760976054324025e-06 -5.8315025894173221e-06 -3.8130530340928226e-05
4.2136329092140601e-06 9.7700309508730321e-06 -4.53968498814886e-05
-2.6206945159826638e-05 2.7780092227074754e-05 -1.8670698736604745e-05
2.7104101251889533e-05 1.6586752143501853e-05 1.469155851019973e-05
8.381738663576499e-05 -2.5553087229512883e-08 -1.9414005978710298e-05
-2.0214651350554391e-05 5.1675026290446541e-06 2.6055930986796857e-06
-3.7000295348279164e-05 -5.8108579041698245e-06 -4.5386546087839569e-07
-4.1800184901984172e-05 -1.6651124975388017e-05 -2.1528128187832569e-05
5.9553332688625188e-06 2.8756892167171528e-05 -2.2384028488526067e-05
1.8887298471187761e-05 9.4034516555305259e-06 3.8910290843041997e-06
-1.3640392426961245e-06 3.7216989155399588e-06 1.1577768994176958e-05
-2.49480155962295e-06 -1.2894972909890945e-05 -1.8629530603364239e-05
3.0006841220266579e-05 1.8365063410601644e-05 -2.1469908320742061e-05
2.3294693378553884e-05 -2.6802642508110333e-06 -2.0095424829614985e-05
-2.9071544874396558e-05 -5.5636880366292853e-06 -3.8573866648933686e-05
4.3670463305851143e-06 1.1608607924696451e-05 1.7407410084591818e-05
-1.0931194151837451e-05 1.5271809756356447e-05 5.9162682565546808e-05
5.4618339510835445e-06 -3.1832975022627608e-07 3.2160957247460813e-05
1.6764289682762103e-05 -2.6205294910874866e-05 -9.3922861159482021e-06
1.6635029553971337e-05 2.014713301198845e-05 -6.8400119025051678e-06
4.1786569332340207e-06 6.4411887696277925e-06 3.1663421941915786e-05
-3.4042262069336471e-07 -5.3098969326065282e-06 2.866469228237755e-05
-1.2237513874607808e-06 -1.9628774065350062e-05 -2.1326514659985099e-06
9.4747263590117675e-06 1.2222810522669915e-05 2.6760381491685269e-05
1.9708920847961477e-05 3.6277525190210255e-06 8.7827805766100067e-06
-4.1872652984903218e-05 1.2469228387024765e-06 -2.2321465380980773e-06
-1.7084853375382913e-05 1.0115158917356482e-05 5.2950050006756073e-05
-3.2536607129637961e-06 1.2155453625052629e-05 2.7870310178200984e-05
-5.6444059116675514e-06 -3.2274539771026158e-06 -8.0674761306510218e-07
-1.0057123465134765e-06 4.6854727179454492e-06 1.7901184922925785e-05
3.5628215768000043e-07 -6.7041378161269548e-06 2.0409340224228877e-05
-3.1214481883985734e-05 2.927451473116495e-05 4.7542896232175523e-05
-4.5889289656490112e-06 2.9235839523017795e-05 4.6889023012561086e-05
-1.0502043438514479e-05 -6.7503525450277047e-06 2.7984420036745832e-05
1.0560075268409297e-05 -1.4541726712700292e-05 3.0690337728860387e-06
-1.3723248812168992e-05 9.5939623666642382e-06 2.3207027795370087e-05
-9.4729398181442673e-07 1.0342389717826576e-05 2.7267728726797745e-05
-2.5637519738771347e-05 -8.7459052000443682e-06 3.1029573282273341e-05
-3.215249818034157e-05 1.3064079397594655e-05 3.5637961277709164e-05
-4.6906712309162379e-06 9.8951895566301573e-09 2.3900194385564379e-05
2.7315071215172626e-06 -1.1413970749801772e-07 -1.0027090091420561e-05
4.6272316917006506e-07 1.0347981252552263e-05 2.0368948377606257e-05
-7.0370096871942914e-06 2.0108250044321638e-06 2.1871292810850783e-05
-2.0817830547109617e-05 2.8995669979711008e-05 3.9047028343878847e-05
-3.7741145270248078e-06 3.5371877914348177e-05 -2.7793393268362235e-06
-1.3103585407292506e-05 -1.3750518652322352e-05 -8.5084309460583055e-06
1.0754956502706872e-05 1.5396042529501608e-05 -1.9227809882537035e-05
-1.4438335582039885e-05 1.219370364158659e-05 2.6673235617924972e-05
1.5705521578792387e-05 1.7053768510433321e-05 8.2493543858376192e-06
-3.571202313941836e-05 -3.2062331649179709e-05 -2.4064023035831779e-05
-3.1665973706828223e-05 2.1029841089586804e-05 -3.3124151640352879e-05
2.6463732454101718e-05 -4.136073157499226e-05 -3.5997760867605318e-05
-6.5223333468335379e-06 -9.5694942665279503e-06 -5.8366415707546311e-05
5.2666582245203264e-06 1.1667228184471246e-05 4.3036435545051183e-05
-1.9636795514171856e-05 -7.3207267520802866e-06 6.7331891693778179e-05
3.4226781684840168e-05 -7.432668957240221e-06 5.1567083635349273e-05
3.7099578849897341e-05 2.8420023613685147e-05 1.6742827380013606e-05
-6.3335128342445479e-06 6.9062478925963067e-07 3.9053678176591972e-05
1.1602715544005465e-05 -2.2957349595509324e-06 3.2853115848007625e-05
5.1312946421464191e-06 -8.8012169715551559e-06 4.8971578256130563e-05
-3.6362030738290238e-06 5.7898615065665737e-06 8.0641020900783927e-05
-5.7182311704365141e-06 -4.683087358461728e-06 4.8981713152981138e-05
-1.0216888483816858e-06 -3.3569796271774865e-07 2.6059560946589677e-05
-3.3642307168714469e-07 -5.5961279333415111e-06 3.2853976169311405e-05
-6.4340479503607363e-07 1.9789260160304849e-06 3.7922976883278392e-05
-1.2856550750142432e-05 3.2534757911433995e-06 3.8426610487666754e-05
3.8573643544278954e-06 -7.5385959203858131e-06 2.3297208102228406e-05
-4.7465011962319489e-06 -3.52421750160134e-06 2.6427424639218627e-05
4.1841685902545625e-06 -2.2511989989198707e-06 3.6958913854742009e-05
-9.793086284126673e-07 6.0154420170321909e-06 4.4779015467625444e-05
2.8580898363696856e-06 -1.1000511767057276e-05 1.7334759583034418e-05
1.7791225484065955e-05 -2.5100968120783749e-06 3.1739365412602333e-05
-2.4094665974430229e-05 8.0290323090524609e-06 3.5681814891146829e-05
-1.4587578991705208e-05 -3.4436443296190222e-05 -1.327735224210258e-06
8.0394762170810097e-06 1.2574620439430306e-05 3.0945680363075878e-06
-4.0880043229468699e-05 2.5159706376079449e-05 3.489012545093359e-05
2.1912960887632215e-05 -2.1500493338509619e-05 1.9291822809127529e-05
-4.0166761721971422e-06 3.5119230723940076e-06 4.4719395214468279e-05
1.2746709970222481e-05 8.7101663074351521e-06 3.5310733053633622e-05
-3.2129356610899329e-05 3.0998989797911131e-05 3.2362657379053292e-05
4.8450992147411331e-05 -2.4518033851353427e-05 3.0505662268037401e-05
-2.9937986143341311e-06 3.3357068818185009e-05 3.7941830313608337e-05
2.2243666256112696e-05 -1.9526678965750121e-05 -2.3833719084735347e-06
1.8262820120377651e-05 -2.5920238473785013e-05 4.73447555172056e-06
1.5959158518874528e-06 1.5554762327214897e-05 2.684296275507099e-05
-3.5348393549183843e-06 1.9429901050707632e-05 -9.0685582344821741e-06
1.3783717241477866e-06 -1.251063167211075e-05 -1.5744602721906933e-05
2.9089855110520091e-05 2.767365662990906e-05 2.331240076203743e-05
6.7951178670758866e-06 -1.6170904750431939e-05 1.6318773615254731e-05
-1.725445610806166e-05 5.9239594137988584e-06 1.947168405704372e-05
8.8254691481646623e-07 7.6087784184547188e-06 2.8635862800944351e-06
2.9080599247485739e-05 1.6069687659249487e-05 -1.9717178632099389e-05
-1.9890844407715992e-05 6.0047188806607375e-07 -1.0684681588073695e-05
2.6323792385422873e-06 7.7442925917256544e-06 -2.1461227654737472e-05
1.0103453617675562e-05 -2.5735662543859006e-06 -2.0208912484363101e-06
-6.3056379162595988e-07 -1.0956750391893921e-05 -1.5698379992693315e-05
2.4755289121811998e-05 8.5253555655237512e-06 -2.2166527353548529e-05
-2.1240998265066967e-05 8.2416900607103737e-07 1.100398629296645e-05
6.9587604438203776e-06 4.0412046144987224e-06 -1.0451937674122239e-05
-3.6846512633387229e-05 -1.177659885479368e-05 -1.3494742732137258e-05
4.2111471163388745e-05 -1.1526898451033607e-05 -1.8199700212378524e-05
-1.0192944617029576e-05 -4.8003659435455481e-06 -9.2385042252864785e-06
9.2161062966802197e-06 1.6152460403061342e-06 1.8057626008580185e-06
-7.2517054694586774e-06 2.8786444149045984e-05 -1.8988858678526885e-05
1.317969620663953e-05 -4.2883792477799165e-05 -2.234343374533411e-05
-2.3331073657734125e-05 1.7953791873808952e-06 8.8836722962806064e-06
2.8887283801529162e-05 -2.5701335384792356e-06 4.6336366372381338e-06
-1.1811288892299432e-05 -1.071655959683504e-05 -3.1155180545156674e-06
-9.1701891523771062e-06 -3.7612293033728594e-06 5.0979350490389791e-06
-1.1283207279962027e-05 -1.6063990724179966e-05 -6.1213973588224863e-06
2.0068148579489896e-05 -6.2922945197330105e-06 -1.6832243538378311e-05
7.3231389545597159e-06 -1.3048602972479117e-05 -3.3307202059688207e-06
-4.6242617822433996e-07 1.5248939357337399e-06 -5.8434361491378067e-06
1.1895024300543383e-05 1.6653063876449423e-07 -1.0779495368764061e-05
1.7786546597814423e-05 -6.2600885802344131e-06 -8.2939801326672308e-06
7.3377256819551206e-06 5.1385379578050561e-06 -1.6508006224840235e-05
1.8237213569916033e-05 -2.4020156644849466e-05 -1.3748999376917218e-05
-6.9545722859026826e-06 1.1629817970398859e-05 2.3746731896956072e-05
-2.1410522431095394e-06 -8.5573754015899775e-06 1.1236729342202489e-05
1.0102105313117282e-05 -2.4377484637452471e-05 -2.4601515865620149e-07
-1.7402733183785278e-05 -4.4873429836528311e-08 -1.0081456604508002e-05
-5.015547731389709e-06 -2.315098610194769e-05 -1.8499124535414045e-05
8.2529093125368191e-06 1.2948549471272786e-05 -3.1308904383901826e-06
3.3820651894826258e-06 3.5432246325223628e-05 -4.7348544617940164e-06
-1.0127584938998679e-05 -1.0910782519603195e-05 -2.2098827263500667e-05
-6.1651778832763566e-06 1.0345379752474404e-05 -2.8913650805329968e-05
-9.0141499014123605e-06 -9.6579223522741398e-06 -8.247652734409347e-07
-1.3061187357783994e-05 -8.1323040073202901e-07 -2.431673352890594e-05
3.353358444438211e-05 1.0637681545017444e-06 -3.6236026837293059e-05
-1.2390531289596662e-06 1.011492268630787e-05 8.4568840282937124e-06
1.9326530116424781e-05 4.1850613652265681e-06 -6.7950364961676113e-07
7.755366239606265e-06 9.4397248835698111e-07 7.2886035641529096e-06
1.0403447085388651e-05 9.406999674416161e-06 7.6856780853295364e-06
3.3293682622059784e-05 -2.8955320960227793e-06 -1.3517629496655539e-05
7.4620345094122183e-06 -1.1918155939923196e-05 -2.7238741832424224e-05
1.6064774892840528e-05 -1.2030873112064966e-05 9.2829216385929142e-06
-1.0693775682399376e-06 -8.8695847146949558e-06 -1.5722043050399315e-06
-1.2039666927105404e-05 -6.5207041973214253e-06 -2.1041066156479021e-06
1.3043101135297094e-05 5.0006884164217544e-06 1.1968173830762506e-05
5.3679163189018775e-06 -1.2348670359096925e-05 -3.0568938783228153e-05
2.6680949065757686e-05 4.0096813040263468e-06 -8.5816660740870715e-06
1.4589819492743237e-05 9.8898382623851779e-06 -3.692400478032265e-06
-1.227904426815557e-05 6.6164964074993948e-07 5.1703627000406621e-06
1.3791768322085618e-05 -1.475728710240154e-05 7.496284499730263e-06
-5.4875294317885404e-06 1.0111617784927529e-05 -3.085636852660778e-07
1.8405313635519449e-05 -6.4154474393365163e-06 -3.3904598347062401e-05
-2.1313351295487726e-05 -4.2166363034348842e-06 -1.8401637169271692e-05
1.2757345486322236e-06 -1.7406398004723989e-05 -5.4968672654424205e-06
3.7973297906882311e-06 2.1931203453654396e-05 -2.5285387761886727e-05
-1.7080408833500954e-05 -8.4750602011574028e-06 -3.3184097307398588e-05
1.1236536395370367e-05 -3.1578926357883619e-07 -5.81415226678407e-06
-4.5083176594604661e-06 1.5596860876321283e-05 -2.872912682548058e-05
4.8593116719897189e-06 -2.8782025703499858e-05 -3.6123722718545484e-05
-1.3985391281730797e-05 1.0966113108676128e-06 -3.4760597840879232e-06
2.0749655444263017e-05 -5.4230122196394226e-06 -9.394168428954186e-07
-1.3057411201382318e-05 -3.5281074420336067e-06 2.3828475728734227e-06
-1.7289873683927292e-06 -2.2724885617532442e-05 -7.5681183399570889e-06
2.5534139871108419e-06 -2.9582699845098759e-05 -1.8163368217785983e-05
8.3430604902318128e-06 -1.1516833776953339e-05 -2.9227043751517759e-05
-5.9639518686788184e-07 -1.097332409721874e-05 1.0007435914186069e-05
-1.839167314457435e-06 1.3478317865689426e-05 3.4072784059809708e-06
1.3001047870098842e-06 3.7021649339497031e-06 -7.3616253955226946e-06
1.3586667027609689e-05 -1.0978236537024372e-05 5.1821295236672421e-06
7.947372078416548e-06 -1.327711214322156e-05 -3.7294663466365396e-05
1.4869019921898152e-05 -3.6154671855817555e-05 -2.6558744153888994e-05
-1.2384662143399838e-05 -1.5099090368189683e-05 5.4435245316394182e-06
1.1031254734755747e-05 -7.9585819750191411e-06 -4.6220093216173957e-06
7.4029951649401404e-07 -2.1940607615140301e-05 -1.9821039227889761e-05
-1.6626394429614458e-05 -5.7336261724385065e-06 -1.3357348151258122e-05
1.1306413232527179e-05 -3.2857799893669382e-05 -4.0639382525889736e-05
8.7745793511658719e-06 1.1343311877484087e-05 -3.253491109852201e-05
2.3069177401274787e-06 1.3606358757779768e-05 -3.7741752305451431e-06
-5.699218815984064e-06 8.4122611079401333e-06 -4.45164676340596e-05
2.451670516781171e-06 2.3523293094093902e-05 -4.1620961555798551e-05
-1.8919180137327851e-05 -1.8672167374889082e-05 -1.9316678311726357e-05
-1.3362391308877064e-05 -4.3934482465233377e-06 -3.0912139565466082e-05
1.8502160972089926e-05 8.4587725924555393e-06 -4.8215777846029664e-05
-5.5071147494409791e-06 1.4470061790396967e-05 -2.8575817218965543e-06
9.3262940429883479e-06 -4.7669282603052254e-06 -1.7073178369875555e-05
2.4469922164090802e-05 3.3689083611091082e-06 1.4067198651155841e-05
1.4868791667760339e-06 2.496294742842381e-06 3.8979070227356666e-06
2.8085351000959756e-05 -1.8170204645964749e-06 -2.4792690319916724e-05
1.4868228673997619e-05 -1.3786715374747294e-05 -3.1902671941860979e-05
5.3042731026934839e-06 -1.3814444851156793e-05 -1.3321667831685084e-05
1.3779839410227313e-05 -5.4413433009520285e-06 -2.6330141208617472e-05
-2.1318640032047531e-06 5.0239725798012502e-06 -1.1218528043343765e-05
5.0897678104677713e-06 1.104033833507212e-06 -1.5922168772582526e-05
1.9487198968548558e-05 -2.4596711109575731e-05 -1.9625583771022519e-05
3.7636143630608021e-06 2.1093787111981302e-05 -4.6400870725755647e-05
1.6129085309893394e-05 7.1137339237188952e-06 3.1650663784906635e-06
5.2588345625552963e-06 6.2876527188310272e-06 -3.2137932398168881e-05
3.1124966041518043e-05 -1.1892697058993318e-05 -1.8181547590569169e-07
-3.789365173079845e-06 2.7374601842128365e-06 -2.2751067025978192e-05
4.895089539564898e-05 8.5699269412918902e-06 -3.9260282435090235e-05
-3.5069672381541489e-05 -4.700867977913345e-06 -2.6785988194730562e-05
9.4903078893107524e-06 -2.6418221010744499e-05 -7.0702069847510332e-06
5.1772855251830136e-06 -4.57099947196761e-06 -4.9525070090124593e-05
-2.4714401426761956e-06 -3.2449165163900284e-07 -8.6197184294648649e-06
1.8461255194945903e-05 4.4320173962858478e-05 -1.3898904433340756e-05
1.4774039956742075e-05 1.5891335659422438e-05 -9.1217373816097208e-06
-4.0775838482977333e-05 3.8791490361171632e-05 -5.7311088219550582e-06
1.7055740702734267e-05 2.4728852881690861e-05 -3.7149857114027532e-05
6.7751823724331167e-06 1.5242335964513534e-05 -4.2390365637240759e-05
-2.2870603240340848e-05 9.087759416478991e-06 -3.0722195046595582e-05
4.6965653806713137e-06 2.4325820539711218e-06 -4.2894987765865547e-05
-3.4963879694344113e-05 9.8826907589250057e-06 -1.1665207306480255e-05
-1.6093123521007668e-05 6.7141103589907214e-06 -9.6505444321746264e-06
-7.6510548779641641e-06 -5.9659030686581849e-06 -3.1291013541092857e-05
1.9019695045233074e-05 8.3898468094482231e-07 -3.4059199357453634e-06
-1.8206636782845849e-05 2.4416765008417052e-05 8.3246920462073243e-06
9.4875389860474973e-06 6.1955674081402932e-07 -7.6453449622294889e-06
-4.5720937049443271e-05 -1.690969491081594e-05 2.2101957876056316e-05
8.4811188424960271e-06 -3.3974757345407725e-05 -1.6394091425087423e-05
1.0301556002602352e-05 3.3089930200805306e-05 -4.6016444595878628e-05
8.8409239279124523e-06 -4.574243183272325e-05 2.3670345404422019e-05
4.0699852500880596e-05 1.1515859366026393e-05 -2.2196225470342418e-06
-6.7971139671510946e-06 8.9595939070055588e-06 9.7127605639532252e-06
6.9162124740548836e-06 -3.9749130559083024e-05 1.7085324836593405e-05
-4.8549374258453884e-06 1.0439071201524836e-05 1.6572038959153032e-05
2.8754214801335332e-05 -2.5279769757052817e-05 3.3426874434024784e-06
-1.7194621130811605e-06 -9.8565756363605539e-06 -6.8994749209180112e-06
