3.093513424837907e-05 -1.8023998551455755e-05 -7.3903515341583372e-05
-1.5904362939822688e-05 9.370287705253149e-06 2.5551016565322857e-05
-5.1851535041097041e-07 6.5954707997861739e-07 -1.3670906437806239e-06
-1.593614056050115e-05 9.0592856272710305e-06 2.5666388653428161e-05
-6.5196084795816856e-07 3.3746236588125256e-08 -5.7939941217276768e-06
3.1031687645474357e-05 -1.7771898373153405e-05 -7.4143819794641932e-05
-1.5862798050939682e-05 9.3860687000357941e-06 2.5094597375560721e-05
-3.9263859217018382e-07 4.3866205410528908e-07 -1.8578669498613663e-06
3.0838933788635003e-05 -1.784695381024104e-05 -7.4075873811413253e-05
-1.5875143856525697e-05 9.0509039549335063e-06 2.5720636654921834e-05
-2.3359767390541226e-07 -5.0687163163747051e-08 -3.2442548692167804e-06
3.0709827182617833e-05 -1.7690219220045655e-05 -7.4015971758761758e-05
-2.2767913162269034e-06 9.1719211334218009e-07 -2.6119357706182612e-05
1.6956246429848009e-06 -4.8955284541944526e-06 2.5235672488975285e-06
-1.6877071655439497e-05 9.9232331128634374e-06 8.2479849830757301e-05
-1.7136029668040871e-05 9.5685498577849012e-06 8.2355200341374234e-05
-2.4618993715843566e-06 1.8003101819596967e-06 -2.5785157367668333e-05
4.5994763243489833e-06 1.2729747468562258e-06 -1.1784444841557613e-06
-2.1905043166136479e-06 6.4313577677636499e-07 -2.5685650568562247e-05
6.1996215537146379e-06 -4.1348299900106238e-06 -2.5406867875570407e-07
-1.7313186234466842e-05 9.8662507609917002e-06 8.223231701266721e-05
-2.0324900059527618e-06 1.7837821914227364e-06 -2.5981562345283194e-05
3.233377864214935e-06 -1.3229416334984952e-06 -1.1016703145507074e-06
-1.702742215773501e-05 9.8909819269939539e-06 8.2562850804462472e-05
