3.7392353909912468e-05 -2.1873100169392257e-05 -1.1354008216146391e-05
-1.8131710842040618e-05 1.050870041268857e-05 4.0332988711361609e-05
-1.1465038392711319e-07 5.8088624333308553e-07 3.1094781584828715e-05
-1.8119206682194343e-05 1.0418639013349499e-05 4.0652881566663815e-05
-5.1174444026412177e-07 -2.1729165838781789e-07 2.9196859807631773e-05
3.7560380833828733e-05 -2.1421787541275883e-05 -1.1372161930622501e-05
-1.8109737889923031e-05 1.0507329508574817e-05 3.9985443824381087e-05
-1.044951480939243e-07 1.3816720535048121e-07 3.095070314689842e-05
3.7356679216171695e-05 -2.1635217106408255e-05 -1.1395234056443479e-05
-1.81112523531197e-05 1.0416650782516489e-05 4.0662453438014903e-05
2.5502227791709053e-07 -2.0933895641863515e-07 3.0557619055205168e-05
3.7187153836826248e-05 -2.1396245691973625e-05 -1.1352679177989086e-05
-4.1704651474843411e-06 2.239294734140973e-06 5.025527383242627e-05
-4.5821541086493828e-06 -5.4509202140656972e-06 8.3665318290054164e-06
-1.6059095441044299e-05 9.1380071534918894e-06 1.9093683858145e-06
-1.600775664840887e-05 9.3436770571952293e-06 1.9880532737392292e-06
-4.4403155437499611e-06 2.7307026038564386e-06 5.0478236619326197e-05
1.4757418301813985e-06 7.2641274917323306e-06 6.6703621261193086e-06
-4.2558681499878714e-06 1.9591621567647405e-06 5.0844375203197914e-05
4.6783134433265358e-06 -3.8139104883124289e-06 6.9441568745203658e-06
-1.6032036576295403e-05 9.1875334011590898e-06 1.9200913144497983e-06
-3.9576514414924003e-06 2.8009590800409309e-06 4.960309489401675e-05
-1.3879097795725247e-06 1.8996655196619255e-06 6.6795850144889951e-06
-1.6083891853065915e-05 9.3354670681342414e-06 2.0321008271772384e-06
