6.1130674522402728e-07 -3.9806780836176836e-07 5.8340619494834378e-05
5.9684329162257299e-07 -4.1839730680059972e-07 5.8359992188977694e-05
6.1443412729955682e-07 -3.7765948146528672e-07 5.8344419540168335e-05
6.3048994375369816e-07 -4.0995897243600865e-07 5.8314890337113345e-05
2.9864576536042808e-05 -1.7310430387499709e-05 3.0439642490609486e-05
2.9964361240740445e-05 -1.7446466325232723e-05 3.0313425075999267e-05
2.9976395520270316e-05 -1.727909823495688e-05 3.0376531841458387e-05
2.9985104804392194e-05 -1.7358180297355474e-05 3.0512962433490443e-05
4.7567148627276272e-06 -2.8210120844307518e-06 -5.6822838459397174e-06
4.8046892012498798e-06 -2.8274014145940069e-06 -5.6765090971633292e-06
4.8321076740640522e-06 -2.8599311043231131e-06 -5.497321545970546e-06
4.8248186785698755e-06 -2.8325329365364027e-06 -5.1735252914464347e-06
2.9438366492268701e-05 -1.6990118630833386e-05 3.2817271963810069e-05
2.9408603186520507e-05 -1.6921848135675877e-05 3.2954735959170312e-05
2.9371325136759598e-05 -1.702024255619721e-05 3.3017200762430754e-05
2.943165580297823e-05 -1.7006277733322417e-05 3.2912359649868439e-05
4.2379414709510109e-06 -2.4299723146963947e-06 -4.9677162218819682e-06
4.1894428820075263e-06 -2.5680436806938206e-06 -4.7940626038966982e-06
4.5311992449975635e-06 -2.2392477885269102e-06 -4.8220010126567847e-06
4.5232177811339576e-06 -2.3981952547886013e-06 -4.9274450146102877e-06
1.7858371016421515e-06 -1.0526014331269096e-06 6.0314050903065297e-05
1.7789348210505069e-06 -1.0639227289166442e-06 6.0300839822363672e-05
1.8199491662804212e-06 -1.0315991489928678e-06 6.0331389890033726e-05
1.8140178745124644e-06 -1.0334526928897406e-06 6.0374526419743058e-05
3.0239647992485102e-05 -1.6241879417569103e-05 3.1881869389425999e-05
3.019953571063716e-05 -1.6260638142493421e-05 3.1847824643785327e-05
3.0064404663618344e-05 -1.6256995034290289e-05 3.1899370471467903e-05
3.0098401455978346e-05 -1.6310531329091576e-05 3.197841959741432e-05
2.2213816093837188e-06 -2.0907906328563328e-06 -6.8512820760452398e-06
2.1995140214188644e-06 -2.0429727194109376e-06 -6.8046129151483337e-06
2.5477293786185795e-06 -1.8811082715536331e-06 -6.9414736908329777e-06
2.581998759285109e-06 -1.8650267765291106e-06 -6.6663598995431173e-06
2.2579317795826115e-06 -1.8396719058122457e-06 5.8505169748868102e-05
2.6659942349294141e-06 -2.1018818795459637e-06 5.8546859600078216e-05
2.6992968573623637e-06 -2.0661486019868391e-06 5.8603874207752149e-05
2.2969960907330556e-06 -1.8441475003267631e-06 5.8542065064198789e-05
2.907613541410875e-05 -1.8039697975734577e-05 3.1683443534810674e-05
2.9053305041373828e-05 -1.799293921567191e-05 3.1655040083782005e-05
2.9155876724676257e-05 -1.7950399674785322e-05 3.1708224653391459e-05
2.9207769277556566e-05 -1.794869024998591e-05 3.1790913488947969e-05
2.8045981404098376e-06 -9.4690553305797585e-07 -5.7364409548552042e-06
2.7869952450323933e-06 -1.1388850837215116e-06 -5.8082089555780425e-06
2.7875624127974034e-06 -9.6301158699935597e-07 -5.5097981071436375e-06
2.8058208502184832e-06 -1.1795641664079501e-06 -5.3670341647951703e-06
2.7065783340107785e-06 -1.0017432395814652e-06 5.8659201639499337e-05
3.1143133849402017e-06 -1.2435614177110955e-06 5.8720673643930521e-05
3.1323288402496097e-06 -1.2168224670094929e-06 5.8705351796528582e-05
2.724359932093634e-06 -1.0092700282182676e-06 5.8662061807435162e-05
-2.9442935192303121e-05 1.7187658678530227e-05 -2.1130069033814536e-05
-2.9465395998501246e-05 1.7331194159447838e-05 -2.0925548187136073e-05
-2.9671414796067632e-05 1.7116292909841418e-05 -2.0814695216753165e-05
-2.9662086780235926e-05 1.7240345524388578e-05 -2.0765517231045166e-05
-1.1921684906726247e-06 9.7903800569528951e-07 4.2772066194657343e-05
-1.1911633243100184e-06 6.8471070602260653e-07 4.2717016291105026e-05
-6.5874253658635546e-07 1.3089834092170301e-06 4.2744809874012413e-05
-6.1737988903866749e-07 9.7038438599288997e-07 4.2780258877189725e-05
6.4215512207482165e-06 -3.6232810840339941e-06 -7.4482133780855164e-05
6.3356584886451481e-06 -3.5533703321410362e-06 -7.4677566712380572e-05
6.5044482315143278e-06 -3.5738040290873288e-06 -7.4633405189067359e-05
6.452628082226228e-06 -3.5233097913641787e-06 -7.4313015388662029e-05
6.348614494187943e-06 -3.7134420091886056e-06 -7.0909098097954315e-05
6.3485055643366928e-06 -3.624790536629896e-06 -7.0649067922951003e-05
6.2614755348411322e-06 -3.7584023870884664e-06 -7.0631750144795058e-05
6.230970089001614e-06 -3.6502780079092356e-06 -7.0860455487181673e-05
-2.9290402858749628e-05 1.6695945176283325e-05 -1.7310491058797339e-05
-2.9250908674923154e-05 1.6547171835933072e-05 -1.7317328974364443e-05
-2.9037469330361887e-05 1.6842728255084261e-05 -1.7264211667145091e-05
-2.9008216436797186e-05 1.6697892725847652e-05 -1.7106486478901672e-05
7.704834440928985e-06 -4.6554263074848664e-06 4.2881754612172918e-05
7.7488529879992925e-06 -4.5910144157064459e-06 4.2838036076603414e-05
7.6997123002805622e-06 -4.6877335813068832e-06 4.2805424688679983e-05
7.670598886291239e-06 -4.6056511657029293e-06 4.2690504968578846e-05
-2.9122883624228038e-05 1.702325134876365e-05 -1.5616779716953744e-05
-2.9216300768493186e-05 1.7241679435342494e-05 -1.5597667594572512e-05
-2.8996047177135074e-05 1.722616032097488e-05 -1.5589982924779644e-05
-2.8917307470867446e-05 1.7338948606032689e-05 -1.5386964860811952e-05
-1.9593002764877859e-05 2.0800482173547255e-05 4.244724712562653e-05
-1.9682299324032173e-05 2.0558781160659109e-05 4.2430217034261641e-05
-1.9711715821422483e-05 2.083733207021367e-05 4.2338950812154108e-05
-1.9636718544832927e-05 2.0476156163316828e-05 4.2339966639076687e-05
5.3941195828594664e-06 -2.5823225186560926e-06 -7.183824132085681e-05
5.194289623811077e-06 -2.4854620397640748e-06 -7.1794440649246283e-05
5.1150681157732022e-06 -2.5416482786360696e-06 -7.1822571935789559e-05
5.3251271736609596e-06 -2.673987676171663e-06 -7.177129058361098e-05
-2.9045172631917608e-05 1.6488132306261591e-05 -1.5872768176716789e-05
-2.9133465695857725e-05 1.6408815839530355e-05 -1.5889791059819913e-05
-2.9381198372190726e-05 1.6424337532587943e-05 -1.5757890573515898e-05
-2.9302568935490013e-05 1.6253194977937369e-05 -1.5563337770529984e-05
-2.8030028656169683e-05 6.2511400808587964e-06 4.3512622430214032e-05
-2.8144011585245506e-05 6.3775352269226611e-06 4.3435279771797397e-05
-2.7575780527038116e-05 6.6053866058912031e-06 4.3532649793426303e-05
-2.7488339294889919e-05 6.6376226299513785e-06 4.3446066448959986e-05
4.9749538522697492e-06 -3.3951431906608298e-06 -7.1617366662043991e-05
4.7625285316311191e-06 -3.2052219275720707e-06 -7.1613728519090425e-05
4.8344764673025986e-06 -3.2650694330449426e-06 -7.1534977321374704e-05
5.0057925537015516e-06 -3.3009617994572693e-06 -7.1504057301163826e-05
