4.0969075222146322e-05 -3.1276837379190514e-05 -8.4653553146588068e-06
6.7912232810033292e-06 1.4340023550750978e-05 -3.9372735294529448e-05
-0.00013712363372888107 4.6107812209520652e-05 -0.00010693470639634023
4.0843886315642883e-05 -2.0743740613504702e-05 -1.216694392033868e-05
1.3396187197256548e-05 -3.1974234338651283e-05 2.6630254820931412e-05
-4.8218132757889796e-05 -4.2065491294696316e-06 3.4574317978733077e-05
2.8026332619304067e-05 -1.3256452826002942e-06 4.1340925063051287e-05
-3.5137662104998621e-05 3.817569977160578e-05 -5.741257298252922e-05
4.0618645860430976e-05 -1.6333485912570916e-05 -4.4156274272469613e-05
-6.5001402511725104e-07 -2.2837536680146014e-05 3.3062551399153065e-05
-8.3709475580196898e-06 -1.2068380065465159e-05 4.8952883431994308e-05
-2.5337948212197432e-06 4.1847173101672774e-06 5.7895544130978638e-06
-3.8794916180820942e-05 -9.6758120582000938e-06 1.3087732692834307e-05
-2.061018317799253e-05 1.8494767848721159e-05 2.9693781811360715e-05
-1.3907646938628171e-05 -1.4094749291645309e-05 -6.9953782280869625e-07
-8.7819449983671249e-06 1.2779704964653582e-06 1.2004668796371937e-05
-3.7376902267240511e-05 2.6794313108755193e-05 -4.5707088985449185e-05
-8.7275187907447652e-06 -3.0151012149072509e-05 3.0001876601163598e-05
-5.2414795977839823e-05 -3.5992541437741853e-06 3.3693787020502158e-06
-4.7574458065030231e-06 2.0622348672720558e-06 -2.2706986632193719e-05
-1.3116970664782141e-05 6.5346578445729664e-06 1.177434398647037e-05
-2.9305721150008068e-05 3.9978619610248067e-05 -2.4212309564975994e-05
-4.3026304239738265e-05 -2.8086353921475543e-05 -9.5196349612497455e-05
-2.9050494494912982e-05 3.7844554688915011e-06 2.5485861101647023e-05
-1.308309725269013e-05 -1.6232553750818559e-05 2.2258395589000186e-05
-2.8405671239326719e-05 2.9969805621360337e-05 -8.7325131075070145e-06
4.3561181462798039e-06 1.83953377130377e-05 7.6346173746247997e-06
-1.5726878404634381e-06 1.3825859715599353e-05 4.3564607652424314e-06
-8.0392987620823975e-06 6.0502781231309283e-06 4.1057762645256568e-06
-9.3261767301032472e-06 9.4190685489623362e-06 6.9652768575432372e-06
-5.361240849103676e-05 2.441058184154965e-05 -5.1861733246394426e-05
1.1429765586540671e-05 2.8086706236451381e-05 2.6991278667405242e-05
-5.8537280048198389e-06 4.5210232114303861e-05 -2.7263948766354461e-06
2.193628285658924e-05 3.6309073474193737e-05 -7.9635391917703619e-05
-3.3076745157815273e-05 1.6760921884199399e-05 -3.2239510360002402e-05
-2.8565016591355631e-05 2.8007887030954718e-05 -3.1823803251983791e-05
4.547259970202628e-06 1.2019306941476841e-05 -4.9392945014151667e-05
-2.2076580179800067e-05 6.8682380753292045e-05 3.3486962446793477e-07
2.2571555402935216e-05 6.3326138153958159e-06 2.6231437852169835e-05
-5.3845039162265204e-05 1.9977930965815521e-05 -6.3436253074072163e-05
-9.9487160627028325e-06 4.1263406255574037e-06 -3.9789133908996064e-06
4.3489935726313887e-06 3.3277200847182595e-05 -2.3636573128704582e-05
-2.631634130346918e-05 -1.2548417641023574e-05 -2.334464844114606e-05
-1.0232050442221175e-05 1.4491290048005329e-05 -2.8493420497832856e-07
-2.8920669659010523e-05 3.9836452143070938e-05 -5.6532570555725692e-05
8.247332858667784e-07 -2.3874944095630241e-05 8.1777646458863762e-06
-6.1499518903523342e-05 4.2207947555575722e-06 -3.6993939147543509e-06
-1.7067699342939086e-05 -1.3464347665742907e-05 -5.3471503088264871e-05
-4.4658469573760042e-05 1.1779222587011482e-05 -6.8273448575464549e-05
-4.5740050888852871e-05 3.0632795277998892e-05 -5.0142004229985701e-05
-2.8154079654817768e-05 -2.0997015136359209e-05 -9.4347276894089115e-05
-5.757016263816439e-05 -1.3085058895058455e-06 -1.9275010211399693e-05
-1.7514298305506719e-05 -2.2106408270055487e-05 1.2564489203954337e-05
-6.3617660243305853e-05 6.3387334848098164e-05 -0.00010073736683119568
-6.5452991488967882e-06 3.0861804398707449e-06 -1.7277014851019005e-05
-7.7652834367254427e-06 3.9083476430893413e-06 -1.053173592805731e-05
-2.5930226515213234e-05 -3.493828265555346e-06 -9.6615412080724994e-06
-1.6903431966322491e-05 -7.0870745265279832e-06 -1.3896355037783248e-05
-4.0155856397378839e-05 1.7814794333936845e-05 -4.1065111727614953e-05
4.761230798440571e-06 1.1187184926582903e-05 -6.5333554047936754e-06
-1.7718349279721365e-05 1.784465557785192e-05 -9.3955240951151126e-06
2.2246005256371798e-05 4.1073359039300872e-05 -8.4515603180481541e-05
-5.0909991843227365e-05 3.5860428684740021e-05 -9.7983861378658776e-05
-2.4854296710868917e-05 1.9426851623479541e-05 -5.5307737787120559e-05
3.0221832726162745e-05 -7.6610582057413945e-06 -3.9064464098912191e-05
-3.1910618241113263e-05 7.1788665852279276e-05 -4.9952262731502162e-05
2.264934069817412e-05 1.3409887685167377e-05 -5.584073653563601e-06
-4.5088938588632948e-05 4.1598527331215855e-05 -0.0001029230820532692
-3.110702822340522e-05 7.0770308347734012e-06 -1.7516510188308673e-05
-1.1973837157488323e-07 5.0447198000378585e-05 -6.5176371271712688e-05
5.1038215633787361e-06 -6.9554133285531367e-06 1.0537135049968388e-05
6.3538685003174111e-05 -3.4598774675081295e-05 -8.9304426971512085e-05
-9.7543083969336974e-06 2.3203181405816869e-06 -4.7129508351697734e-06
7.6304935355102433e-06 -2.366515797049441e-05 2.5208873139170862e-05
-5.0935063543474518e-05 1.0886864199480956e-05 -6.0567085691271005e-05
-1.7880869448823875e-05 -1.8191631568245594e-05 -3.3421518579989339e-05
-2.1340847937488283e-05 6.2706035783184622e-06 -2.4254039856836197e-05
2.6502543362116882e-05 4.7040788959430702e-05 2.7472522822201477e-05
-4.8529004262436171e-06 -1.1903786920473836e-05 -1.6647538359795225e-05
-1.7169274002957514e-05 8.8849616893095854e-06 -4.0210220362917742e-05
-1.1079244943829752e-05 -8.6766724674623534e-06 -4.4915906976209644e-05
9.4386249607390435e-07 -5.6968830331080274e-06 -3.0666722828970013e-05
1.2892354838338858e-05 3.1837658314194661e-06 -9.7153920873490712e-05
5.7475596896309697e-06 -5.3132499628016916e-05 -5.9181467888614525e-05
3.2204627167676386e-06 -6.2358343163038121e-06 3.4675582149645834e-05
1.7372569722872187e-05 -5.1280188847063757e-06 3.7507147943973904e-05
-4.6986724295955407e-06 -1.1310898362745792e-05 5.8447478774120709e-05
-9.7373870756381486e-06 -6.7694157024622559e-06 1.7166900366467897e-05
3.3187912593753664e-05 -9.4015705975059038e-06 5.2779495175563074e-05
-1.1776730064930185e-05 -1.4325664556228551e-06 5.5324148987430724e-05
1.1630191685135099e-05 3.3003839510627013e-06 3.3543171092697573e-05
1.6026139230084641e-05 -4.3188938028439205e-06 4.2473215336909231e-05
-6.2459478242203603e-06 -5.4593054486171133e-06 4.5420596979726946e-05
4.8241165832215006e-06 1.8990652144612596e-05 4.4954862886423952e-05
2.2433822023727767e-06 -1.6534021946790157e-06 5.7371144291812294e-05
1.9549922515730912e-05 -6.5111002997166446e-06 3.3601654218080174e-05
1.2912611793688966e-05 -7.5445355751935228e-06 3.7965259325312573e-05
1.4215714151099465e-05 -8.1285403017537608e-06 5.1429684319359396e-05
-7.6556311400799437e-06 4.3642005194653721e-06 4.4046143410519088e-05
1.3698874137952483e-05 -6.3626602271917021e-06 5.0780563972463184e-05
2.171480197881369e-05 -1.0310632131988601e-05 5.1172208860935224e-05
1.0426417795085866e-05 -1.1122366548488305e-05 4.1902836119404527e-05
1.097373046213615e-05 1.081721399214669e-06 6.8717772026896662e-06
1.0198782072681246e-05 -1.0013629331171933e-05 4.5482382382524417e-05
7.7026107182416592e-06 -5.850159081648848e-06 2.9728435795785354e-05
-1.2678744059325345e-05 1.0252856592399384e-05 3.0215827590785935e-05
1.4052341835518734e-05 -1.4892713067503338e-05 2.8756451069108701e-05
1.6375776089219696e-05 -2.0399769239634602e-05 1.749064732388568e-05
6.0025074559068997e-06 -2.5406215940007582e-06 2.9448044423105446e-05
2.0801334088628269e-05 -4.2270119908461266e-06 3.0930926298626538e-05
-6.4181586652278799e-06 -2.7556813223701682e-06 3.3200967261903108e-05
9.5161564623164052e-06 8.6801760203029932e-06 2.4584059226895327e-05
1.8319981653802664e-05 2.8597440202005053e-07 3.1186117400598679e-05
1.9527502976759287e-05 4.6826798044963258e-06 1.896248598644984e-05
-4.8307468648520202e-06 5.427838533288501e-06 2.1064670090283066e-05
2.5117419785147866e-05 -2.5415479144247241e-05 -8.9175016534867591e-06
-3.8377533350319668e-07 2.9666036799880224e-06 5.1287741148764443e-06
-9.3263563225071465e-06 5.7105076773769826e-06 1.2992077193324514e-05
9.0479024788120421e-06 -1.1007215372393908e-05 -1.0336111004122239e-05
-5.9338454243229003e-06 -5.928847267848425e-06 -2.6135292961443346e-05
1.1418869385288605e-05 5.2651542506755578e-06 9.5447854802400978e-05
1.2973190081064928e-05 -1.6710404979018711e-06 7.2277772232455864e-05
1.3843288357261174e-05 1.2858879555367048e-05 9.5405257908854008e-05
4.240228940528834e-06 -1.700632059419005e-06 9.906524484216625e-05
1.0912662511353144e-05 1.2195455218494411e-05 0.00012143338947279148
-2.7017095523852699e-05 -1.8647558363996918e-06 0.00011246632853323391
1.7266720821729942e-05 9.9349931111538227e-06 9.8708393391052485e-05
-1.7671407874568675e-05 -1.310942940532106e-05 7.5898105800997762e-05
5.8213792006604932e-07 1.0181842064492085e-05 8.476090875681342e-05
1.4864670035584374e-05 -7.9680939200519815e-06 9.0945811655165622e-05
8.7939955228256289e-06 3.0375721655295871e-05 0.00010970223028058978
-1.1571658905351438e-05 -1.0481209945693761e-05 0.00011539352328449135
-1.3935925264980595e-06 1.6856528441738274e-05 0.00010322944865567407
-2.8947932569502069e-05 -1.6998913999984044e-05 0.00010429175884669995
-4.5418621581139673e-06 -1.7749876552891966e-05 7.2728205469540944e-05
-1.4474224690770978e-05 -1.4840232487409112e-05 6.4108937196585098e-05
1.5225565615617498e-05 1.0096275740334448e-05 6.8961807284708028e-05
5.5915427304057503e-06 7.5350098776324863e-06 7.1973648469408945e-05
4.8850635703009786e-06 2.6804189885262417e-05 8.5744579523202441e-05
-2.1083186725778151e-05 -8.142133105380929e-07 9.3793641038483581e-05
4.1696353329165325e-06 3.3759215840614004e-05 4.4909506971380769e-05
-3.4203610868536322e-05 -1.2731029776051617e-07 3.6606477725461412e-05
1.8070473592479708e-06 1.9644003462077064e-06 6.3321265960387257e-05
7.8430626985393122e-06 -1.782906020965716e-05 4.0801024461519593e-05
-3.9245944217780604e-05 6.1817354720244966e-06 6.4354488566715053e-06
6.070031767164627e-05 1.3635113329073245e-05 1.2814185040954662e-05
-2.509592103332875e-05 1.5929380335226451e-05 3.2971639268408737e-05
3.7166858181510165e-05 2.3910774045242432e-05 1.6844637162227727e-05
-1.3377022028129501e-06 3.0888644630688855e-06 1.4117707131168061e-05
3.3409494955078528e-05 -2.8232240469716185e-05 2.9896100879760152e-05
-3.5940188123117708e-05 -1.3794944781491889e-05 -6.7548030419639638e-06
3.4899438321972162e-05 1.7934283563635078e-05 9.111037146091773e-06
2.8415387146429882e-05 -2.3263407769452682e-06 -5.1499032168167425e-06
5.899366466971534e-06 2.0623424012405911e-05 -3.4786398146829933e-05
7.8140011984181856e-06 2.3777569200647553e-05 -3.2786601876097499e-05
2.1371959507085828e-05 -2.727953422449348e-05 -1.8848427016743274e-05
3.5012747752858394e-05 -2.2808343436990465e-05 4.6328626789576466e-06
5.1939345157667591e-06 -8.129037599256519e-06 3.7208639452716852e-06
3.2754505463986061e-05 -1.7525687957598013e-05 3.9654474868117129e-05
-1.0138114630258702e-05 -9.1813166719440713e-07 5.7454181347713074e-06
3.2679192779525718e-05 1.3934353362058532e-05 -5.1490481048771519e-06
-9.7361311578170184e-06 -1.0932211849223883e-05 -2.3486749418162589e-05
1.7813838906657886e-05 3.3063726411139416e-05 -1.7177602542065018e-05
5.8044527773241927e-06 -4.416608044234549e-05 -2.7304241008857533e-06
-1.3667444276629669e-05 -1.5790816311646327e-05 -2.0475579938804495e-05
-1.5571977197648135e-05 -1.6855265777136058e-05 -1.0293389249640961e-05
3.6197400854198758e-05 -4.6071178552285763e-05 -5.2020358219903464e-06
-1.3859969634017789e-05 3.2504412190180465e-05 1.3430767890827969e-06
-7.230766291400556e-06 5.4486977712035756e-06 -1.8199327638249857e-05
2.8330312739960991e-05 -6.8180424031040465e-06 2.4172071545884734e-06
-1.6839365633927912e-05 1.7460566977127207e-06 -9.5228241937604862e-06
3.8262396431853335e-05 -2.5960072429470626e-05 1.1982908009786075e-05
6.6910943799514122e-07 -3.3145825057787764e-06 2.383845150721875e-07
1.9893986190927526e-05 -3.5047906561277292e-05 5.6609157297930757e-05
1.2162914115071422e-05 -6.8235397558680244e-07 -7.2037827242299457e-06
-4.7581074364422271e-06 -1.28489161630857e-05 -1.4785193550963249e-05
-1.6648904770902914e-05 -1.3184910305316655e-05 4.7765005948656458e-06
3.8652341138718126e-05 -1.7984663734080253e-05 1.0780621303103578e-05
-1.8577347710109493e-05 -1.46195343418698e-05 8.7367794057713333e-06
4.6057915685376871e-06 4.8642925705721929e-06 4.1195214379077805e-05
2.1089672184345668e-05 -2.4320329094929677e-06 5.0329736335884626e-05
2.2054316126916829e-05 -1.9493259538955199e-05 3.9941515304973974e-05
9.3857353305124014e-06 -5.1220952648201035e-06 -1.2407548682161207e-05
-1.7602297300453595e-05 -1.1202688487976786e-05 9.1866486296790506e-06
2.9361474245676034e-06 1.4250387403852427e-05 1.780003994305418e-05
2.0094998068281597e-06 -3.8768403629649031e-05 1.8622453083963206e-05
-3.0890557647073047e-05 -4.069426047188969e-05 -2.1609167167521703e-05
6.5772255899544315e-06 -1.4554863532606488e-06 -6.375506389417248e-06
1.6002622315258041e-05 -1.637578664962631e-05 -4.7851839929490122e-06
2.0808726839397491e-06 1.3278601212658682e-05 -9.5802381071484997e-06
1.8919750221867902e-05 1.0851947500300411e-05 1.7356003550926745e-05
-2.9369328098764746e-05 1.4451162268403102e-05 -7.0366814488020957e-06
-1.7869758417150833e-05 5.6567452103584159e-06 -3.2674842515911535e-05
1.9432651880008089e-06 -1.4749227987109759e-05 1.7235433652577172e-05
5.9360213564467815e-06 -1.6086797462056684e-06 -8.6463358229607601e-06
3.3378753774609751e-05 -1.4621104151348822e-05 -1.7907165130795488e-05
4.552186896510102e-06 7.7996791580416114e-06 -6.4652302144453666e-06
1.1782368046448132e-05 5.5975478987971674e-06 -1.3098014472092296e-05
4.3104295694199099e-05 5.2698700399361666e-06 1.4475543869990217e-05
-3.9468141924126066e-07 -1.4862833195627978e-05 -3.2650610025247717e-06
-1.7194596376862714e-06 2.8543456706525694e-05 1.9826520831555533e-05
2.9461306963073607e-05 -1.1793077172275257e-05 -2.6000930040438741e-06
1.8229474049183403e-05 -1.7407427705243284e-05 4.2580011406043172e-05
1.0997137954178032e-05 -1.2513238724878861e-05 4.8775413403586571e-05
-1.5979340894659022e-05 2.0555520782103431e-05 2.5610340736170745e-05
-1.6003165423106314e-06 7.3984609809648119e-06 -1.5643657605777516e-05
4.3860366567505249e-05 -3.3584418569002072e-05 7.2048010474473623e-06
2.0379355963303683e-05 5.5779407306066108e-06 4.8375251112408411e-06
2.9021510916973837e-05 2.3822634089512488e-06 -1.1647483585884629e-05
6.5082810293617954e-06 -1.2400985063132277e-05 -2.3468209744380297e-05
3.2665167065570877e-05 -7.6129076609365853e-06 2.7492329054960851e-05
-9.4471635988420399e-06 -7.2508611471122641e-06 -1.1358138158424183e-05
4.4812546949518639e-05 -2.3197267105321343e-05 -1.3009979526357185e-05
-1.3169810827898254e-05 9.9507332946228294e-06 -5.4940984021562e-06
2.4204311116035604e-05 -2.5340155328262837e-05 1.2045872301080784e-05
2.4341543115116472e-06 -9.8738127224861372e-06 -3.8913863887629629e-05
-1.5154773730617632e-06 -3.7956419298920685e-07 -2.9469292916944889e-05
3.1340966301604198e-05 -1.1978007654424999e-05 -3.2109979314076664e-06
-1.3517796380040705e-05 1.620583437676737e-05 -2.1431068406352338e-05
2.8243310267950933e-05 -2.825201509915054e-05 -1.233602448344473e-05
-3.9803555619944858e-07 9.7165085183382235e-06 -1.8736681158624396e-05
1.0808833375829814e-05 -3.0170790463381753e-05 8.360377360388388e-06
4.5040225503459319e-06 -4.5277903095095051e-06 -2.829816258165252e-05
6.2537280920150211e-06 -3.2582308235960811e-05 -1.605370772433945e-05
-2.4220993891654885e-06 -2.4165837975570481e-05 -2.287336396175621e-05
4.1933368660165837e-05 -3.80955449935938e-05 1.8707277730789507e-06
-8.1130978296511946e-06 -9.7046008817602836e-06 3.8757266827488322e-07
-1.6043503809001769e-05 5.7324775249445459e-06 2.2997670442049395e-06
8.6442073378954765e-07 -5.5246470125336344e-06 9.6700109593291818e-06
1.5438400826545129e-05 -1.0973847380836566e-05 3.0528987168827737e-05
8.6659127974554471e-06 -2.7926272599586665e-05 -2.4778978266258726e-05
-1.6319907547239498e-05 -1.9085544337674176e-05 -1.4884276328813728e-06
-1.6550606423137992e-06 -7.2373280027571152e-06 -1.0722196467090328e-05
-3.3451595876782259e-06 -4.0886650203859898e-05 -6.8857195484883782e-06
-8.0295422884568701e-06 -1.4302640715578574e-05 -3.5814066608373663e-05
-4.5916472876279812e-06 -7.8252058402263069e-06 -3.6933562712920809e-05
3.1326635076822651e-06 -1.6891251304662624e-05 -3.965471191463843e-05
-8.5506687359353725e-06 -3.2648823010492659e-06 -2.4935956451952596e-05
1.7698450438793922e-05 -4.8212177432109538e-06 5.9207371137653952e-06
-1.4729210474448418e-05 1.0364807990213484e-05 -2.1953305352123698e-05
-1.2455484889212931e-05 2.0895799751987504e-05 -4.1102011300361905e-05
1.0354570419458808e-06 -2.8722311138262846e-05 -5.5651518110766407e-06
1.0691102422577536e-05 7.9073018945802209e-07 -2.2149401734061769e-05
3.5492618023685862e-05 -6.1004239621832712e-06 -2.3281203072678461e-05
1.3988891721786176e-06 1.0071830421105262e-05 -3.2384565549076205e-05
2.2746855605507155e-05 2.3396851851750777e-05 -5.0175130196852824e-05
6.1355048586583458e-05 -1.2250022373148147e-06 2.8146482727384884e-05
-2.2678162116158973e-06 1.0579922527457347e-06 -7.5122809604158403e-06
7.1869358838032977e-06 2.5780403781448802e-05 2.5746917433830396e-06
1.9907974579624899e-05 1.1283042629373075e-05 -3.555846251437157e-05
2.6109450024277233e-05 -1.1806366241262634e-05 2.1845557176624383e-05
5.3242866694669377e-06 -9.0226802249293581e-06 1.6452714373721769e-05
-8.268034218009146e-06 1.0866994300223753e-05 -1.7304830968680254e-05
6.2629136136915786e-06 1.9926063391767501e-05 -1.8153184795699495e-05
4.2365020036835843e-05 -2.7919131120907048e-05 -5.6915889409981529e-06
1.1435977468721159e-05 8.4831743325432946e-06 -3.3201665698305571e-05
2.4132420854786302e-05 5.9063161124658822e-06 -2.828869482845997e-05
-2.0883587871834938e-05 -6.9882118122338577e-06 -1.436658430885307e-05
3.3099749063777995e-05 -7.6953735259344125e-06 -5.4521418192260418e-06
-7.1678211737875863e-06 1.3208849111254195e-05 -3.4762867268334219e-05
4.7830521073176369e-05 -1.0598430575083518e-05 -1.5481666161432355e-05
3.723386595856637e-06 8.3485543188903041e-06 -1.8778242309129035e-05
-1.4588985365570977e-06 -1.002362382328435e-05 -1.9960180642366373e-05
-3.9163839215567309e-06 6.5705961255326309e-06 -5.127154339244766e-05
-1.7525553884945727e-06 -6.5108167862648614e-07 -3.3685805552310932e-05
-6.6619956601843278e-06 2.1425785223877503e-05 -1.8128079771084771e-05
7.2817954777396951e-06 4.6772249622149685e-07 -4.8449806572569296e-05
6.0950950943789578e-05 1.0600434865171149e-06 -4.157575788953094e-05
6.7491260582003256e-06 5.4311623020217599e-05 -2.7203147662843707e-05
-4.1615504822078278e-06 -1.1774670746008201e-05 -4.4608684328900639e-05
2.4797636829027025e-05 -2.7387779743481833e-05 -5.2118948730112136e-05
-1.0924169689563445e-05 -1.6421656370644439e-05 -3.1639252571907805e-05
1.4064922084222609e-06 -2.2497944946645032e-05 -2.2053511591901831e-06
1.5301740597523095e-06 -9.4048950206315762e-06 -1.5455292732127757e-05
-2.0100085338960183e-05 -1.3651289051952453e-07 -2.6378883986272688e-05
-1.0410501693380091e-05 -1.1082606694572117e-05 -3.8358322861160171e-05
-3.1113794713411545e-05 6.047013510407373e-05 7.8168683420580531e-05
6.5105696922711578e-06 2.3985777255212037e-06 -4.595143207906504e-06
-8.8543896303519932e-07 -7.139401484778312e-07 -6.141752640196306e-05
1.9479833790053691e-06 -2.0479949240856388e-06 -3.3924171806268277e-05
-1.6801263797217025e-05 -1.3415136301597741e-05 -4.5604295532131189e-06
-1.6202721835747687e-05 -2.4782158330072476e-06 -6.454201324043729e-05
-4.142092663528274e-06 6.0200697494655619e-06 -4.1625815535462074e-05
-1.3936589685477636e-05 6.3846415530641374e-07 -4.3117131498541183e-05
2.4134657723079433e-05 -2.31203757070364e-05 -1.9737861904391748e-05
-1.9161277331331055e-05 4.2983978127509453e-05 1.0165161618129167e-05
4.5181439546834734e-06 -6.1893366746917922e-05 3.0291157463446794e-06
-1.6944528358021904e-05 -4.6194665058313378e-06 -2.0060807046043405e-05
