1.0264675303916365e-05 -1.11168996443263e-08 -0.0008811981079461309
0.00041952313304600259 -1.4763879067208885e-08 -0.0017589670027469756
-0.00036756776398580156 9.8298396852825043e-09 0.0021013110969922057
-4.2790379438582132e-05 2.1137701059978364e-09 0.00062513641220437316
0.00037239790614225748 8.01768973227035e-08 0.0022686761110855733
2.36564693494902e-05 1.9041862097529672e-09 0.0018598966760034787
-0.00039831554971542379 -1.1401134604113738e-08 -0.0019555519706217512
-7.8169109828846216e-06 7.7573489068023002e-05 0.0022848153099618487
0.00033730922589525481 -0.00013614381376103601 0.0013411693469575735
-0.00013953006052059755 1.8952727136060596e-05 -0.0016673557208398537
0.00017874816221855917 5.4350045898427304e-05 -0.0022134604054119197
0.00020098183653063375 0.00011419051629263827 -0.0021434800904126384
-5.252909524113003e-05 9.6239269395101412e-05 -0.002228503958343956
-0.00048176615027695213 -9.4931359498445691e-05 0.0014911590489237216
0.00014977796584141382 0.00016776784088148823 0.0012004954274823486
-7.78319955048424e-06 -7.757382887827866e-05 0.002284771788351844
0.00033730879550275972 0.00013614477185117232 0.0013411713735227253
-0.00013952875824741877 -1.8957411787171204e-05 -0.001667356260577583
0.00017874799489303941 -5.4349996209660315e-05 -0.0022134571706607722
0.00020100300265426814 -0.00011418942228641502 -0.0021434737749166264
-5.2520598166697074e-05 -9.6239466514146457e-05 -0.0022284900419825837
-0.00048176577367957732 9.4931153903831875e-05 0.0014911510877844321
0.00014977836200162024 -0.00016777038766495705 0.0012004930914293779
1.325118270655381e-05 -1.3704776945233643e-08 0.0022587855674299391
0.0002141582470712132 1.1953602691017196e-09 0.0019070843119766284
-0.00039244935291224225 2.7665365467249847e-08 -0.0020692849708126189
-0.0003094215511660961 4.9286458074504491e-10 -0.0037188903662691321
0.00024698012269383404 -2.2202358944400924e-09 -0.0017754625623595324
0.00012618545838346748 1.1972407788687217e-08 -0.00102956500693413
3.1925006810342577e-05 -3.372113569280466e-09 0.00093981791055943592
-0.00030257214950891152 -9.1201982667377113e-09 0.0012605336521918573
-1.887239233707913e-05 -2.9192552195023147e-10 0.0075680980341504478
3.1403840440313857e-06 -3.6985145501766681e-09 -0.0037653112898794194
