3.308396951968301e-06 -2.4018510889759533e-09 -9.4529821553147875e-05
-2.9764097566513186e-06 -1.3284384529910209e-09 6.4814921647171403e-05
2.8017382261232731e-06 -2.5298252104288821e-09 -1.1831170455581632e-05
-3.1126694984024567e-06 -8.7571435675865006e-09 4.101218365752668e-05
2.7362566587764078e-06 -4.8597446427288415e-09 -1.1844716109704525e-05
-3.1242358144724066e-06 -1.4589777961877392e-09 4.1024029791305455e-05
-2.9482456533253855e-06 8.3399664789157268e-09 6.4785432121285298e-05
2.7702837071194586e-06 1.3183091031581523e-09 -1.1856069035648051e-05
-3.156275562982841e-06 -5.9389948254412461e-10 4.1007639069702562e-05
-2.9465697844883445e-06 -4.2984289738701165e-09 6.48257836717318e-05
3.3422949081863412e-06 6.7273603895966292e-09 -9.449964899357205e-05
-3.0052128469704523e-06 -1.048818708132424e-08 6.480869483573167e-05
3.3619107115417804e-06 -1.0472166540100589e-08 -9.4500201781783089e-05
-3.1550417332146686e-06 6.0615879096984852e-09 4.097585498127887e-05
2.7833430799178993e-06 -5.7327223648896307e-09 -1.1886358096576495e-05
2.7812305952550076e-06 -1.7284914323098115e-08 -1.1853924705942931e-05
-3.1545995778271699e-06 4.7385922572959482e-10 4.1006118442168948e-05
-2.9496561995683446e-06 3.0638304276680987e-09 6.4831649577930511e-05
3.3372354015827332e-06 -1.4054913377451253e-08 -9.448388846964445e-05
-3.0103363602366334e-06 4.9152550208290827e-09 6.4829220106294924e-05
3.3680031756205863e-06 9.831059986920021e-09 -9.4490431618934195e-05
-3.1434618851401003e-06 -8.0319841333498232e-09 4.0972063080350202e-05
2.7935405559360166e-06 1.6381230598556951e-08 -1.1882904178422624e-05
2.7343931274879246e-06 4.9509329483332642e-09 -1.1849571159399698e-05
-3.1330613769072445e-06 -3.6591632068122548e-10 4.1016997082268802e-05
-2.9524151737817146e-06 -7.224931901340069e-09 6.477942953905867e-05
3.3068873246356548e-06 1.0234250527769995e-08 -9.4524447135736767e-05
-2.9672351457961594e-06 2.4188295706661922e-09 6.4826344384018297e-05
3.3108139763683708e-06 1.8058660649755004e-09 -9.4523191865623218e-05
-3.1171456158669841e-06 1.2072986120076562e-08 4.1003196002191433e-05
2.810377600002815e-06 1.5003789876092896e-08 -1.1822808274650643e-05
3.3129033531874991e-06 -5.1131106991084661e-09 -9.4539993186548016e-05
