4.4036013401790863e-06 -9.9185677013735769e-10 -8.5929847017614247e-05
-4.3850984043597267e-06 -3.0930816623253587e-09 5.4576101801103545e-05
4.3864852935846096e-06 2.3887460655347414e-09 -5.5345109736306677e-05
-4.4095261485539022e-06 -9.8673352440237228e-09 8.6403422378322076e-05
4.3806563176877061e-06 1.2855970171450973e-08 -5.5325895552424701e-05
-4.3911445967693107e-06 -6.6112793332354786e-10 8.6379033367965652e-05
-4.3607173831300243e-06 -3.9596207153895632e-09 5.4576443624314557e-05
4.4220432754808747e-06 -2.0253672367931755e-08 -5.5381839840432621e-05
-4.4953183925382223e-06 -5.3557255613907728e-09 8.6401471595019819e-05
-4.4105911875143549e-06 -2.4664613962332993e-09 5.464429829893239e-05
4.4646511990657301e-06 6.1788952526015649e-09 -8.5923583932293046e-05
-4.4240307933582032e-06 -1.6216711411204111e-08 5.4612770003644286e-05
4.469168771137691e-06 -9.0688805179405581e-09 -8.5939766656061706e-05
-4.466648065952635e-06 -6.1926618993325688e-09 8.638857122933441e-05
4.4028382103177e-06 -1.9106373820417996e-09 -5.5393805141859586e-05
4.4254346539991662e-06 -1.6737960654231984e-08 -5.5373609378775793e-05
-4.4886300244409037e-06 1.2328970405359185e-09 8.6392333331564847e-05
-4.3988746691703924e-06 -6.2012683211110206e-09 5.4652281817233481e-05
4.4566447881949633e-06 -1.6453121164458498e-08 -8.591805466827418e-05
-4.4292376213498372e-06 1.1193372687125924e-08 5.4636512813595892e-05
4.4752201634687145e-06 4.5938487042151976e-09 -8.5924903443924949e-05
-4.4564247267872819e-06 5.1124953853731725e-09 8.6397707814645647e-05
4.4203131143874877e-06 2.6500802793958528e-08 -5.5403795101975021e-05
4.3864005991521527e-06 -1.2724129028196529e-08 -5.533791909840451e-05
-4.3976832739222021e-06 1.3848357651585763e-09 8.638169144473129e-05
-4.3749892431970382e-06 9.0652644766904891e-09 5.4586398961685868e-05
4.3980558862615144e-06 3.3093461391381362e-10 -8.592132168684305e-05
-4.3838745006066966e-06 -3.8937316131776312e-10 5.4581519192115242e-05
4.4020788550896972e-06 7.467188853414828e-09 -8.5918252887454832e-05
-4.4056251163084037e-06 1.6014558224506942e-08 8.6384389475849255e-05
4.3950802012312367e-06 2.5342566720826763e-08 -5.5333469186622571e-05
4.403279563918068e-06 -7.936549704652511e-10 -8.5919070235085382e-05
