-8.0247097692746964e-05 3.6791227074561839e-05 5.377965087522904e-06
-1.6330817645843557e-05 -6.1847712035395833e-05 -6.2752258653490239e-06
7.86827880510238e-05 -7.9149760804243102e-05 1.6417200650471406e-05
2.7650206918972131e-05 1.0852230638153104e-05 3.636957798055715e-06
-3.5989639273759089e-06 -1.8101512386350114e-05 -3.9859269854837856e-06
1.149500200185033e-05 -4.8932728264894365e-06 1.5800828828056376e-05
3.5828651314597643e-05 -2.0153473326387221e-05 1.7753797260574092e-05
-1.7532406678439846e-05 -5.7559123447957147e-05 7.2189670862419716e-05
-8.9318035352654775e-06 6.292429665651772e-06 7.937119549361691e-05
-6.430690599547326e-06 -4.7734645246370888e-06 3.6463473779769356e-05
3.0818817665143258e-06 -3.687907113870833e-06 2.7081704595199874e-05
-5.1926224284954928e-06 -3.4033957085468703e-06 2.0305736542576905e-05
-1.6781951066077842e-05 -2.9128622949747785e-06 -9.8378788638206482e-06
1.0847403133662221e-05 -5.6542685806700087e-05 2.6290044876925954e-05
-2.2056996029091135e-05 3.4661406527362187e-05 1.0136755733790651e-05
-1.2710290070789415e-05 -1.6112889928802943e-05 3.1940888274399615e-07
-1.3806463219018586e-05 -2.7524515151680553e-05 1.3686512693273853e-06
2.0272141833739444e-05 -5.7577052855195543e-06 -5.6867517979671683e-06
-7.7525763193600494e-06 1.3799678488804631e-05 1.8263065372803658e-05
3.1147778359858587e-06 1.3104283435733111e-06 3.409578289252993e-05
-6.198881426879195e-06 6.10325379288984e-06 5.6083872206130411e-05
-7.6063018328298426e-06 -1.8389801043849907e-05 3.5895273610851187e-05
1.8390905977308004e-05 9.1562263280497991e-06 -7.5670865987108316e-06
1.1892394923898597e-05 1.5821403039906201e-05 2.4249020618481373e-05
2.391702665497303e-05 1.790009545290616e-05 1.644415889111555e-05
1.11289531625966e-06 -9.6742007264401242e-06 1.1181493300108092e-05
9.447093693093551e-06 -1.0429803988252009e-06 3.1838928448124984e-05
2.1864097533692839e-05 -1.4515240920331962e-05 -1.5093777043471979e-05
-1.8185619433570832e-06 -2.8736934064455683e-06 2.0272717549540617e-05
2.8179670860106754e-06 1.6490742897699547e-05 2.0796070301693295e-05
1.6089234586534606e-06 9.5195146754267768e-06 8.6528042578352948e-06
-7.361828904029128e-06 -3.037362769410736e-05 1.5814903483219074e-05
-1.6833351104318856e-05 -1.3535632252259511e-05 2.2062008274408712e-05
-1.2104538236039266e-05 -4.3308740752655978e-06 -4.0912240938375741e-06
-3.807433874333094e-06 7.0391067735963916e-06 2.2412831467128087e-05
-2.2213284939636927e-05 1.0265188476976191e-05 2.1003640854297054e-05
4.8920602357669426e-06 1.1850028385816148e-05 5.6456446652962747e-06
-1.3939268571638375e-05 4.9638385499046708e-07 3.8154443641816305e-06
-1.163946468454944e-05 -2.0180294729470714e-05 -1.9693160951761782e-06
1.2360857071088168e-05 1.4658739963888633e-05 1.3217673614245376e-05
2.9805960469012758e-06 -2.1624615079585824e-05 1.5564815430187812e-07
-8.1740967309092323e-06 1.2069572290638458e-05 1.2593693256526817e-05
-1.0199024484120259e-05 7.9481648873405697e-06 1.5681045153122589e-05
1.3159996981997819e-05 -1.1895142939444725e-05 2.1825731659720279e-06
-2.6357736684336219e-05 6.5248396241366496e-06 -2.1999160174264454e-07
2.051455172321704e-05 1.0416127372815816e-05 -2.631778301710741e-08
-7.3487850139520417e-07 1.5837888284442737e-05 1.8175926799080672e-06
-5.8012765738724137e-06 5.8712219283231157e-06 1.9302426525097047e-05
-1.649236561822973e-05 -1.3138503249358088e-06 4.4542487406431033e-05
-1.8787454108900366e-05 -6.3104726204243899e-07 2.7137827523811622e-05
-2.8137947337757051e-06 3.0969832718330537e-05 -1.6279896268107594e-05
-4.0073452098723103e-05 1.5075302082542385e-05 1.1784010983667895e-05
2.1622914735886721e-05 8.4339933843893673e-06 8.1308248868396799e-06
-6.8550180382785382e-05 5.9934801710201439e-05 -7.7085254167327116e-05
-1.0084351514061396e-05 1.4649252781828714e-05 1.9282999072145132e-05
3.7982345524928862e-06 -9.764852441550585e-06 -2.4946573484938006e-06
-1.5323643611689364e-05 -1.2309666763618554e-05 -2.3497150869338651e-05
1.4252445251695944e-05 9.7780712368551737e-06 1.5252393065367034e-05
1.8014012218812944e-05 -2.9543767263162657e-06 -1.4293443561422259e-05
-9.20304462676371e-06 -1.4821930797389617e-05 1.9491575646241564e-05
-7.1291739442858743e-06 -1.8988088909079048e-05 -4.6908968097340159e-06
1.368497096056881e-06 5.5911750460879706e-06 -5.7888390030248413e-05
-1.2460861160357162e-05 1.7404281528112832e-05 -3.5807471735259042e-05
-2.3239509847896092e-05 1.6228065352189014e-05 1.5709405731261991e-05
-1.5333290199568556e-05 2.5127805522526941e-05 -6.7484613601124371e-06
-1.7027357933209301e-05 -1.2888058818813497e-05 1.752306901884812e-06
2.9379502702562253e-05 1.8626247635378235e-06 -4.9388394446611694e-05
-4.0911482126628343e-06 -1.2870329453910308e-05 -2.158248859935024e-05
2.0102638316980143e-05 -5.8355979248858603e-07 -4.7538788497813664e-05
-3.2777796323182499e-05 2.9287492419036772e-05 -1.5126770772353783e-05
4.016181216299194e-05 3.8782690171736828e-06 -2.2291273859761929e-08
0.00010692187056971988 -1.2267970719362364e-05 -2.471977794234366e-05
-3.2271402810590821e-05 1.6883015296710602e-05 -8.1908297865059335e-06
-5.0982593081489038e-05 -1.8074459543380637e-05 -1.4841026245932323e-05
-5.0862972164222864e-05 -2.1575071929812173e-05 -1.405126981464562e-05
1.2926058627228904e-05 4.6298621425167356e-05 -3.0389365041249422e-05
7.1033680110686009e-06 7.3567418736909806e-06 5.3449272088036681e-06
-5.6289490882252546e-06 -4.0167901227527308e-06 1.0221908308714195e-05
-1.7468240899681797e-05 -2.0126313141521912e-05 -5.3960769941073169e-05
3.5839238365674604e-05 2.0786571348158957e-05 -1.484837948937355e-05
2.4829677290728359e-05 1.0782077692413246e-06 -2.7761232303849179e-05
-4.5442205581758353e-05 -1.1651350014203602e-05 -1.2542667036727871e-05
4.2979750975898068e-06 1.1660171738807346e-05 1.8719569719331114e-05
-1.628582102968304e-05 1.3127683197833306e-05 5.8104404122691702e-05
2.3865661907317669e-05 1.5131643225640978e-06 4.851977694396957e-05
1.0918921150364325e-05 -1.7321749627555172e-05 -8.2089637341454386e-06
2.345649755024215e-05 3.1606651651035211e-05 -1.2001767483013973e-05
-4.654502598830379e-06 -1.0309150749288065e-05 1.9650256037449451e-05
-2.0793719864979979e-05 1.4465457759474387e-05 1.9831129207453432e-05
-9.1096526449660487e-06 -1.7841149425831294e-05 -1.2960128407129776e-05
1.5250424963506731e-05 1.2429491287658991e-05 3.2180553433543493e-05
9.4504317371818525e-06 6.9908373212202932e-06 -2.2608638016192312e-06
-3.1304341078196296e-05 -3.3306990153340703e-06 -1.5009269727478056e-05
-1.422667392389661e-05 -1.8012434788161613e-06 3.1036945309143374e-05
-1.1695849694715185e-05 1.2651713778783113e-05 1.546708168662439e-06
-1.0495556763710372e-05 -5.5796046062409088e-06 -9.1792401358727765e-06
-4.8401251323826333e-06 1.1020712737203064e-05 2.3563050003273106e-06
-9.5929910919577421e-06 7.5051353951895161e-07 -1.6944080677133017e-06
-2.6012418672231169e-05 2.3280851251031992e-05 3.4139664221844931e-05
-6.0415989947514015e-06 2.6481238951955519e-05 2.8703941937860758e-05
-1.9278858328077488e-05 3.2192645688690347e-06 2.656623428702945e-06
8.0711094508391368e-06 -1.5146985606513674e-05 -4.4550879271330196e-06
-1.7740305679646989e-05 1.6999261569412144e-05 1.0075804317716611e-05
-1.277566322706921e-05 1.314353770543418e-05 2.1974434732483644e-06
-2.2415592856858679e-05 -9.9998346019328221e-06 1.2692159636071634e-05
-1.8685342718406986e-05 1.1708415431908374e-05 1.6193977783395333e-05
-1.6168341973911426e-05 4.7330385044945522e-06 1.4686101483512431e-06
-2.9559412299678955e-06 -1.7815491014164242e-06 -2.0266484134003407e-05
-7.0596972942659625e-06 1.5563724423767189e-05 8.8560394603132836e-06
-9.2208909282485985e-06 1.0958640232340815e-05 -6.3232320608556936e-07
-1.8217374395803482e-05 2.8323063088094014e-05 2.1340273470357371e-05
1.0211618818572327e-05 3.7404326279797881e-05 -1.5260807048845734e-05
-1.7772632238455266e-05 -1.10691284088138e-05 -2.4839966578189474e-05
6.201639232122913e-06 2.1778269921626792e-05 -3.6713342354647086e-05
-1.2154135057021453e-05 1.4310090277167703e-05 1.1959075889337104e-05
-1.066943733749347e-05 2.1637992492005755e-05 -5.3948497282674951e-06
-3.1732826543312553e-05 -3.1675317585938556e-05 -1.9250413040303518e-05
-2.4202176882780907e-05 2.5960717402775493e-05 -4.4065155605546927e-05
7.9272973064620222e-06 -4.009005614200728e-05 -4.9228754869146477e-05
-9.1172493512808216e-06 -1.382553689055141e-05 -5.6567390234222095e-05
9.9161406201739299e-06 4.0724630509386683e-06 1.2874227729928189e-05
-2.6181239151500807e-06 -1.7242296923496853e-05 3.2051413131388429e-05
3.3943447139597738e-05 -1.8128963351083868e-05 3.6070989847567653e-05
1.7167066295967204e-05 1.4249359462432942e-05 1.9029248923066455e-06
-6.4080175186109756e-06 9.4767615730489974e-06 7.474351666168777e-06
1.2416229766227597e-05 -1.3260961132512108e-05 -8.7815539805205511e-06
3.278278210723981e-08 -1.0456194247439364e-05 -9.2599730287835913e-06
6.3399922941576037e-06 7.7648316430291298e-06 8.4991137775589087e-06
-9.5523555254088286e-06 -3.1176065076053867e-06 -1.1300887434773782e-05
-4.9814999977322756e-06 3.3551951557787146e-08 -2.4183833290385148e-05
7.2807990169547303e-06 7.2106551166658921e-07 -1.1117453914528952e-05
-4.5119071898041922e-06 -2.5024116210459885e-06 2.9912262879128182e-07
-9.4051967804899966e-06 9.1668553574870016e-06 -5.0800022203742468e-07
3.5540404406903203e-06 -1.1693023042492405e-05 -2.2353177930874157e-05
-7.9066479066316813e-06 -8.1074845508719018e-06 -2.9129796383683959e-05
6.1955025955497773e-06 -3.6672341722100016e-07 -1.9225173499250875e-05
-4.5596076351239745e-06 1.9545643201723806e-06 -1.9559929129379927e-05
1.9661437117928469e-06 -7.5025282338359554e-06 -3.8062885121193518e-05
1.6097838334525136e-05 7.3069040018099336e-06 -1.6416968557732281e-05
-1.2721861704292165e-05 -1.1144790737272793e-06 -1.2013601670517182e-05
-7.756687654382477e-06 -1.1614136591075325e-05 -1.000815813564232e-05
1.2923825603926992e-05 2.6467943708037567e-06 -4.5903324192020367e-06
-8.3705233722350392e-06 1.3885835951764347e-05 -2.0921061281431452e-06
-6.7650940992563009e-06 -1.8333541105192488e-05 -4.5111175976768336e-06
-2.3565013339832408e-06 1.9317851380762363e-06 4.3939511953267757e-05
-5.6028849877015618e-06 1.0527808759347446e-06 4.2255473605517374e-05
-2.9699146348191596e-05 3.8248183543278941e-05 4.7107956756508446e-05
4.3552140338742884e-05 -4.0310445941688089e-05 4.8718519038381397e-05
-5.0684736064903965e-06 1.8790830050671725e-05 4.1493056538303638e-05
3.2852683738499727e-05 3.2512413840374461e-06 -1.1395216118932627e-06
1.6790366010255992e-05 -1.4676278140114164e-05 1.1526654590431756e-05
-4.7871843258089769e-06 6.1628041501107442e-06 3.8167319300046881e-05
-2.0296898147975639e-05 1.7455883331227162e-05 1.4763014462525897e-05
2.4312379648949722e-06 -1.0549281499364072e-05 -7.122135230148291e-06
3.2896783232969073e-05 3.1460590549203804e-05 4.663200992998176e-05
1.1128365191310358e-05 -8.6718990614008742e-06 3.3215803561765372e-05
-1.839310806833023e-05 2.3987231314614652e-05 2.9234629000108453e-05
9.8388197258798428e-06 1.7611990998641348e-05 8.4587979938891e-06
2.0849797467914488e-05 1.3391368027776407e-05 -1.3539632040735633e-05
-1.1862434138500646e-05 6.4541735923742834e-06 5.3561925286594453e-06
-8.2595179173652888e-06 1.4043096820966217e-05 6.2807661370054002e-07
1.3428096298409575e-05 -1.4716413824420599e-05 2.4619341434200387e-05
1.4877895030185329e-05 -1.0679200074539819e-05 1.8163524710412132e-05
1.9927471242686678e-05 1.4912104059162934e-05 -7.5826174147954062e-06
-1.2333274114010782e-05 4.8491139189340941e-06 3.0660174911739668e-05
2.1798811665196816e-05 1.3674540586601502e-05 1.4153619601713074e-06
-5.4860899418432418e-05 -7.5253920665228902e-06 -2.0958567464521294e-07
5.914393780971465e-05 -2.2645228157043562e-05 1.1097825462075273e-06
9.9279397069995667e-07 -1.4869525329697098e-05 8.5803654025218279e-06
1.3872338673737484e-06 5.888616409916933e-06 1.4260955976503134e-05
1.3322935671491423e-05 1.5647884288667771e-05 7.011588696037574e-06
2.2365336634598554e-07 -4.8047235892398343e-05 -1.4662428131032718e-05
-1.9983089027064693e-05 2.9684329965603759e-06 2.090790279433638e-05
2.7998911572513219e-05 5.182095790531166e-06 1.7583158623917655e-05
-8.8615502438771365e-06 -1.9162454344440194e-05 1.54245502640947e-05
-9.2145664963988461e-06 -4.2311496544766847e-06 2.254633519937696e-05
-7.8225525047451823e-06 -1.9048262342016842e-05 7.0447848788939699e-06
6.3203005082864276e-06 -7.9550685629925511e-06 -1.0166858957029457e-05
1.4893231589312161e-05 -6.7818032913474768e-06 -2.2192752477286082e-06
-2.8197573927954411e-06 5.0244176073022118e-06 -3.1422888300582097e-06
4.6597429764661143e-06 3.6065773765217753e-06 -3.0176507027773747e-06
1.1242646426469494e-05 -2.0925717449382653e-06 2.2258698384389208e-06
6.999241225116859e-06 -4.3635490749593941e-06 -7.9384640584954924e-06
3.0823691216749771e-05 -2.2035986121424211e-05 -8.8586514429313257e-06
-5.4674997535530956e-06 2.5748636449662854e-06 3.2765682025450577e-05
1.6628486972927976e-07 -1.3510932042998137e-07 1.938435224277564e-05
1.7237424279462066e-05 -1.1776566599068679e-05 1.6549835733303125e-05
-2.1045584624909314e-05 3.790122738170365e-06 6.4344282984189066e-06
-5.0078495871836479e-06 -2.195879556947792e-05 -6.0199411722645924e-06
1.2935709345113251e-05 5.2096525642634329e-06 1.2590180944066845e-05
-3.1807371516780635e-06 3.1422085157334795e-05 1.4306592851925926e-05
-3.8065224412242582e-06 -1.497299907624039e-05 2.6409827920056972e-07
-5.0368960581681359e-07 7.6470208912882143e-06 -1.4798624124862797e-05
-8.3210482446083311e-06 -5.2745579805502096e-06 9.8139340722648571e-06
-9.6279506285009472e-06 4.4480656629861115e-07 -1.3039555208805426e-05
1.8455841726195551e-05 3.3274136650995878e-06 -2.263286471006036e-05
1.1906218511416322e-06 3.7416206578703981e-06 1.3918328453613182e-05
1.5462799499748464e-05 7.629451756568234e-06 1.1708986636374194e-05
-9.1563211319783955e-06 4.3472866415039668e-07 1.2902813342065972e-05
1.2799853050457499e-05 6.0084140051930301e-06 2.014075357277198e-05
3.1272226405892889e-05 -1.2790882083571486e-05 -9.8851331138370691e-06
9.8881277421647169e-07 -9.7428052872741222e-06 -2.1742966145573209e-05
1.2579413198862688e-05 -6.0232717077057796e-06 1.2032433823850469e-05
-6.0827018939155209e-06 -2.9670080087182416e-06 -3.0425107490558712e-06
-1.1163059739777159e-05 -1.1182873579304586e-05 -5.2506499258198058e-07
1.2370970363752287e-05 2.5262467533149202e-06 2.3717452625257943e-05
-5.5728890959727551e-06 -4.099668344234586e-06 -2.4127857810491565e-05
1.5128447012013879e-05 5.4827808278062884e-06 -2.0154026013179116e-06
9.78789247044734e-06 1.6493873196537642e-05 8.0500527412132039e-06
-1.1820028147460984e-05 -2.2761422629798828e-06 1.8813518137740515e-05
3.0990358361043802e-06 -8.9364454357587775e-06 1.0805515811489891e-05
-4.8734025187083252e-06 5.6071171741639558e-06 1.0570722340629696e-05
3.0269124169091111e-06 -4.9771204953565074e-06 -1.971984028755272e-05
-1.5818346256871174e-05 -4.7560380050382101e-06 -5.4906057739868841e-06
-5.5989767127756496e-06 -1.1431520617388724e-05 3.2005612928091842e-06
2.0492277642503644e-06 2.5106548927925778e-05 -4.9429192508394781e-06
-1.6256646727896146e-05 -2.5111141991399077e-06 -1.6513333446533524e-05
-3.1143663625672613e-06 3.6466711384464112e-06 4.5738182715658604e-06
2.615652067694529e-06 5.6904747393615729e-06 -1.2694126849583515e-05
-3.1238443924663795e-06 -2.2715590377767048e-05 -2.7433759983101075e-05
-1.1866769955649883e-05 1.4999355089535815e-06 4.2662144548420711e-06
1.6658841943406759e-05 7.7122560710601862e-07 7.3218647871006737e-06
-7.960417769591055e-06 -8.5660200327339342e-06 1.4421482821446591e-05
7.1352071500192689e-07 -2.0406184969706809e-05 2.8705802617816356e-06
6.5409957676343389e-06 -2.6633356228433769e-05 -1.0805193892713533e-05
-2.0473244968649551e-06 -9.0265894810287461e-06 -2.2258123555499859e-05
-7.6707970086964394e-08 -3.5358712776323298e-06 2.1622270358696155e-05
4.6389356694181982e-07 1.5778515381703606e-05 1.39675000339224e-05
-2.3775540291780251e-06 8.7552041000693581e-06 -2.7605620202420661e-06
1.1603725675636556e-05 -5.5475793478004798e-06 4.0912462549481943e-06
3.8972319796102752e-07 -1.4108855843466962e-05 -2.6107977861053455e-05
2.4335006316877905e-05 -3.3579576276629441e-05 -2.2233477851355682e-05
-1.2096131724412262e-05 -2.4488927212892864e-05 1.4444022859345235e-05
1.4925146878952411e-05 -1.0997569265813745e-06 5.7609714782212718e-06
-2.3648652683200266e-06 -1.7433891054623174e-05 -7.4981405812600543e-06
-1.1893783258677335e-05 3.7767163221643849e-06 5.6936380133862374e-07
2.2690048846404909e-06 -3.1254375501485465e-05 -2.3822213785541085e-05
2.0578061633182151e-05 1.9743936677752021e-06 -1.8345171343418093e-05
-4.396894088695702e-06 9.4304839804611185e-06 6.9292526073370941e-06
1.4421374272717558e-06 1.7713163718163089e-05 -3.5967861187469891e-05
5.2102043874218356e-06 2.2611774223348183e-05 -2.2756104155054885e-05
-1.98463982607755e-05 -1.4843648184541258e-05 -9.4961505696829207e-06
-1.3525531322666762e-05 3.3363225187075379e-06 -1.6135843872670114e-05
7.7142940372379454e-06 1.3801759332493502e-05 -4.1848657206555381e-05
-3.9674959633096613e-06 6.9464909976365806e-06 7.549615382570346e-06
1.1818535870816715e-05 1.335116652345647e-06 2.5265149087537464e-06
2.0964572727868655e-05 7.3613356412899345e-06 2.402718838637706e-05
2.2046390600362342e-06 -5.0385950943216545e-06 7.392447913697614e-06
3.2008174518548358e-05 -6.6906662359242364e-06 -2.565794238921712e-05
2.0197854026460238e-05 -1.9539271488025478e-05 -2.960866476480091e-05
5.0319379075178976e-06 -7.8815705598644925e-06 -7.6354187822959274e-06
1.5147127970543961e-05 -8.9039292226478217e-06 -3.3344068236320495e-05
6.3044780546084311e-07 -1.6674578617870139e-06 -1.6925745739105116e-05
7.6310574231158723e-06 -9.8994311509698063e-06 -2.2150374973831793e-05
1.6455972790568874e-05 -1.8381413991269691e-05 -8.198439522428061e-06
1.8358819881131305e-06 2.0286738683083019e-05 -4.3218475614774376e-05
1.9123666285623977e-05 1.5613908703979713e-05 1.3666591218996355e-05
1.8543803027258372e-05 -3.0550818289343251e-06 -3.4147820535030543e-05
2.6580769468043108e-05 -2.0086354369369674e-06 1.041602295303104e-05
-1.2956755000327613e-06 -6.0032935924880793e-06 -1.966674267872906e-05
4.4562969287530174e-05 3.8589145241411243e-06 -4.4169230752981112e-05
-3.180105500627875e-05 -6.1950377561355296e-07 -1.311620274511982e-05
1.0386943328670444e-05 -2.6654766471002399e-05 -2.4021971183167679e-06
7.054100764209521e-06 -3.7957435274262735e-06 -3.8741040492822759e-05
-1.2771032162097601e-05 6.0865217274379269e-06 -1.5974868353686028e-05
3.6812282734666191e-05 2.8221511873108285e-05 -2.453910962032721e-05
1.1377918445315457e-05 2.2527085839380051e-05 -4.1759060161183914e-08
-6.6093333791795994e-05 4.0591594541457277e-05 3.4438561483350616e-06
3.4442878029874806e-05 2.7460525699903257e-05 -3.7836625381735406e-05
2.0118024658350821e-06 2.2797467747338873e-05 -4.5398922529072544e-05
-2.8890524666827511e-05 1.7587199969859579e-05 -2.6358759399564696e-05
6.7485745781081796e-06 1.0939322593293832e-06 -5.4837325975460455e-05
-3.7564851504870433e-05 1.4786955984363859e-05 -1.9559809214492879e-05
8.4886057515054514e-07 1.0571721858115835e-05 -6.8967890575928614e-06
-2.2639549005290527e-07 -4.6678408085198964e-06 -3.4630012897801654e-05
1.2134390471539316e-05 5.5730234241203186e-06 -3.4428575285128105e-07
-1.8933726161159473e-05 1.0716111224773339e-06 -1.2190432669829249e-05
4.4680865282473343e-06 7.8639060233198343e-06 -1.2119600747562478e-05
-4.8551651207335157e-05 -3.484155579889256e-05 3.2701258104419345e-05
1.4210797790764618e-05 -3.0590511817821242e-05 -3.7200582631128493e-05
1.7129455328425414e-05 3.469492426794174e-05 -6.6957982384280995e-05
1.0924344493661617e-05 -5.9154281298744006e-05 3.9859578170566706e-05
3.8314308509160289e-05 2.7869524398413392e-05 -1.4064659592378376e-05
3.0479095100513243e-06 1.3783448782343922e-05 4.7955585923842997e-06
1.9548081776628312e-05 -3.0919641172147405e-05 1.3063714675420196e-05
4.1904884755843127e-06 5.6630082303986521e-06 8.2988569285631641e-06
1.5620676982880388e-05 -2.5798372604635134e-05 4.4672684013750963e-06
-2.9065751416777752e-06 -1.7073308735418569e-05 -1.7965503559043416e-05
