2.5894590500351724e-05 -5.1791241603538207e-05 6.3978715260874092e-06
1.836601890320728e-05 5.5158837934971846e-06 3.7959170380354526e-05
1.295152408498112e-05 7.0554948390479447e-06 6.2863911258191976e-05
-2.4548159060723898e-05 -3.3902512764638626e-06 4.7279091437439982e-05
-2.7057515138428911e-06 3.3845961529832547e-05 -5.3993400442233636e-06
2.2402453838772478e-05 -5.5454221139531953e-06 1.8240419860112919e-05
-1.3237704105984599e-05 1.5076363737809826e-05 1.2159148777689255e-05
4.0382978311433865e-05 2.0471846621901262e-05 5.9165460369794282e-06
-4.7975110049536162e-05 3.8790685186505108e-05 3.4816239020667855e-06
-1.2067340828504161e-05 3.352832546236334e-05 -1.2671191172296432e-05
1.1954503399479897e-06 5.9487704503099995e-06 -2.9994651959914208e-05
-2.9419740731634056e-06 -1.0881724238757961e-06 5.0376563936107427e-06
-6.3156523614735344e-06 8.5340808836546289e-06 -3.6855543388003564e-08
1.8002302024030278e-05 2.4411922442626454e-05 1.458568877081047e-05
2.7684454622829875e-05 -3.4096295302626922e-05 2.1430874669377958e-06
-2.4071236883749236e-06 3.0852870456909293e-05 2.0455839310710294e-06
1.6563365590640047e-05 -1.4387144587698405e-05 1.2405672240118661e-05
-1.3613540011927122e-05 5.6958864123185515e-07 1.152266777826056e-05
2.3672722968264004e-05 -1.5488290200432212e-05 -6.7696720761692419e-06
1.2138133518361025e-05 -1.5547277783384272e-05 1.5242947738462742e-05
2.4089436553170491e-05 -7.22287730645782e-06 -5.4420710753396578e-06
2.1671943040146857e-07 1.0946320122551256e-06 2.2192128994889294e-05
5.2644804779868742e-06 -2.27183600789993e-05 1.9274905583647681e-05
4.184401730611409e-06 -2.9363750195798843e-06 6.0230342427292777e-06
-7.4827777928271951e-06 -1.5390934486801851e-05 -1.1298156956949905e-05
1.5706882389020238e-05 -5.670528384864662e-06 1.6988795039293847e-06
7.6589097666814809e-07 4.389285715188096e-06 -1.3647629304490774e-05
-3.8876293081274715e-06 1.2854429166708758e-05 3.4897118097940161e-06
6.1514213573581056e-06 2.2674404170554968e-06 -5.170211090407828e-06
5.6144918479557326e-06 -9.2696948373210612e-06 1.9817637159930818e-06
5.5608139970060241e-06 2.016764176770991e-06 2.3410910489414516e-05
-3.8331391510359786e-06 1.0339651129618644e-05 5.2769670228240348e-06
-1.2758417183368338e-05 -6.2215422391154185e-06 -2.4633302198812448e-06
-5.7205497555256821e-06 -3.5443023773638893e-06 -2.236537049849982e-06
1.4916754942206748e-05 3.2046295156832119e-06 2.1587767457545426e-05
1.6361657677240086e-05 -1.2362902460875541e-05 2.2855430628310365e-05
-1.5937288268293073e-05 3.5178146474803065e-06 3.7857766965242699e-05
1.1468391429346543e-05 -6.8242483855972543e-06 1.4943679856070646e-05
1.1327792990851581e-07 5.0193183132587679e-06 -1.2503890442292463e-05
3.0428525743680132e-07 -1.1225720167630515e-06 9.7385356551873276e-06
-1.7723974290360252e-06 -1.7033459180186561e-06 -1.3448209291332634e-05
-3.0086210314148607e-06 -1.3663412822227487e-05 -1.4303193802134295e-05
2.106569444261519e-05 -3.5643237861621158e-06 -6.3646528517553175e-06
1.6778676374630052e-05 5.6612324595260873e-06 5.6395127244748475e-06
1.1643793622714838e-05 -1.8386024344780108e-05 1.9263662321637037e-06
-1.8051259731549033e-05 2.3523341811721625e-06 -2.7449573417517165e-06
1.3430835154033717e-05 8.4871232570566356e-06 -1.1017427251009196e-05
-1.3346003376932974e-05 -1.4177569584833058e-05 1.9261983401958407e-05
1.3472519066936303e-05 -5.7584677644445538e-06 -5.8532083940486535e-06
1.6043179267569846e-05 -1.5889509026249804e-05 3.8319526839310225e-06
7.2375900178477102e-06 -1.3476770949427674e-05 -2.268423708987749e-06
1.934595300472151e-05 2.0625377890015964e-05 1.7812468398725051e-06
-6.3028471869980901e-06 2.6266274054023252e-06 -1.2329274001671338e-05
-1.436172734276245e-05 3.8736159548998714e-06 -2.1202026293693464e-05
1.9440114910063144e-05 -5.7359481658858513e-06 -1.434047836752772e-05
7.6786716914459025e-06 1.1000832102971185e-05 -1.755178518604919e-05
-8.1720985656008605e-06 -2.3445953270563591e-06 -9.8804320642145727e-07
1.2679341237116504e-05 -3.6464851754523082e-05 -2.7191068605983068e-05
1.5462102901559922e-05 -1.7653724428134954e-06 1.8687503574770295e-06
3.5610209758615797e-07 6.8087700586800907e-06 -2.2732550126086312e-05
-8.5811162599223889e-06 5.7718064158246429e-06 1.5134230816818764e-05
-3.0425594200154948e-06 2.6024287747450359e-05 -1.1864734798814128e-05
-7.3647403977632198e-06 9.5430420040390138e-06 -5.6307251261027841e-06
2.1068845445323947e-05 -2.5067442107166993e-06 -1.8015304306158095e-05
-1.6964212616106533e-05 1.6426077478461087e-05 2.8462819912722717e-05
5.9290025504130095e-07 -3.0923124971493632e-06 8.1253080579744147e-06
-1.6190573052704812e-05 7.5087584117117245e-06 7.9198743438597952e-06
-1.4504518959268866e-05 1.7952196955412883e-05 1.4328859606751315e-05
3.0790161904416247e-05 -2.6789277138936085e-05 1.225777746370442e-05
5.140905501899287e-06 -3.1856720360567449e-05 -1.4421535105149999e-05
-1.240505598433697e-05 2.5969961588610639e-05 -1.2840427566952403e-05
-3.3255098654018378e-05 1.4178247187034837e-05 -1.2401080112909788e-05
1.5596628340316943e-05 1.9423213876643142e-06 -4.5582259501869386e-05
8.2269858023580139e-06 2.2809107069188569e-05 2.735802289103445e-07
2.9010228895464535e-05 -4.0068171146954122e-05 6.6703135410007414e-06
-5.5327942532925169e-06 -2.2937463523979833e-05 2.4897803712498751e-06
-5.7747313506417591e-08 -2.1826197911946343e-05 1.2213503154607022e-05
-2.3818508244448366e-06 -5.4416680246921131e-05 -8.5931494110324733e-06
-1.2299735910881182e-05 -6.4605668103553948e-06 7.4289126005076117e-07
-1.4105080193531003e-05 -1.9658198802318012e-05 -3.971305167162556e-06
1.3537365066254234e-05 1.1137880412067942e-05 -2.5719220867598085e-05
-6.0503574728029436e-06 9.7013698156313863e-06 -1.6405955519734235e-05
-1.2926617336403261e-05 -9.0747627572301814e-06 -8.0331709068990481e-06
2.6220545931788034e-05 1.6218025278291748e-06 -6.4387783904455188e-05
-9.9213440077072779e-06 -1.4531872757073128e-05 2.2837592112809682e-05
-1.4209647848801568e-05 2.6223989503991463e-05 2.1691106729814988e-05
2.3603898247626098e-06 -1.178811606417085e-05 1.8996723174244737e-05
-1.0332139064594958e-06 1.0496944852694812e-05 1.6810900568762707e-05
-5.9370229066515318e-06 -1.1004703794163795e-05 1.3269776301097838e-05
1.0314312201400999e-05 2.1731629199691575e-05 -5.4973587348527281e-06
-2.9190776290695039e-06 -1.2732683534944465e-05 1.7753866933223686e-05
3.9228422733655899e-06 -2.4341379152516447e-05 2.0351588223433553e-06
3.3266080391589764e-05 2.0759142128052351e-05 1.7532168350398517e-05
1.0078797111914853e-06 -1.6388609316853042e-05 -3.1037830821855142e-05
2.7601787216762435e-05 -1.4040698500887442e-05 -2.0214644459467732e-05
5.3905713091954381e-06 7.4519739055384975e-06 1.2125967891513448e-05
-1.5616038185478631e-06 -6.6009494728708207e-06 7.2038854021152371e-06
3.75375938491216e-06 2.5407904012371765e-06 -9.175686256862256e-06
2.1850827257016703e-05 -1.6705540599851881e-05 -2.4144187222014182e-05
1.2817531440870514e-05 -8.17102237549161e-06 -2.2317315825746628e-05
7.2181175776915957e-06 -9.0579853913824553e-06 -1.5438456321128016e-05
-2.5449593091600442e-06 7.2082696664227397e-06 -1.1949140896418478e-05
-4.5322289989047082e-07 -3.7080519028100112e-06 -8.4243515337083241e-07
1.3810148199724578e-05 -1.3621832590298474e-05 -2.3188642571647308e-05
2.6536426905900135e-06 -4.5340101852194697e-06 -1.33268654908935e-05
1.0384005949948976e-05 -2.2761510732253521e-05 -1.9753655231666625e-05
1.7056099639457811e-05 -1.8699252599500837e-06 -2.6065672599577192e-05
-4.5359043485404538e-06 -1.9407638635407509e-06 3.2256477070381068e-06
1.990209768546608e-06 -5.5098963754850183e-06 -8.4882657441828074e-06
1.0556322182040702e-05 -1.1036788429391077e-05 -2.4949874869452729e-05
2.2026835173293013e-05 -4.1795196468030066e-06 -2.5670042074604424e-05
1.848758155092653e-05 -1.7492457843507059e-05 9.2777571918615381e-06
1.6988210714274921e-05 1.000289036209856e-05 7.1182581286976382e-06
-2.8644755978305542e-05 -2.4075258401944077e-05 -1.4975930616520014e-05
1.805612285275815e-05 1.1809254644935124e-05 -1.2251372169364352e-05
-1.2054692806903855e-05 -3.3884820374585622e-06 -2.6282793166665028e-05
7.4723789556046475e-06 1.4538694933119434e-05 3.7105559438430427e-05
5.431433303704199e-06 -3.0164893055074327e-05 1.569744558727916e-05
-2.0667289234527209e-05 4.1294923838322561e-05 4.7684225221531623e-06
2.0080042151071164e-06 -2.3951849689174409e-06 2.6828144800464596e-05
2.4395244452850295e-05 -2.2108624396589838e-05 -1.8313031964575788e-05
-8.5739737194778787e-07 6.5500520036107512e-06 -2.007826976761079e-05
-9.5772871297541973e-06 4.0946926646232007e-07 1.3111224017973988e-06
-4.3388598538560835e-05 -3.0369072054123661e-05 1.9573748582846912e-05
3.589811105930707e-06 -5.5142979643041379e-06 1.0914749959824166e-05
-1.3400587925903424e-05 -2.5191742368708969e-07 9.4767237392781589e-06
-4.171889698866471e-06 7.5576240935279373e-06 -1.2536642379372409e-05
3.9327397977940992e-06 1.750037513504471e-06 -6.9165740663942876e-06
8.2614292787714055e-06 -4.8500427298528957e-06 -4.9910182330394071e-06
3.9620872927224621e-06 -3.299340244540018e-07 -6.6889753349771985e-07
-4.38122561248434e-06 2.4883935410865803e-06 1.1899201918002394e-05
-1.879394432537985e-05 -6.1904008417860805e-06 -7.8517658548549196e-08
7.3869810279913323e-06 1.8881661706784091e-05 -3.3681593588352765e-06
-9.1408887664263237e-06 3.1683947079395717e-06 5.3745350360456801e-06
5.1819636317739751e-07 -6.7320615153767388e-06 -1.1119940279427643e-05
3.7139785974148231e-06 9.4579466186659009e-06 -9.9397438382553549e-06
1.4632051115320843e-05 4.5765318416879364e-07 -2.4352738197959412e-05
-7.6181161542681502e-06 1.5279280572398635e-05 -9.0684249569664144e-07
-2.7004853584346178e-05 7.4048713511467527e-06 -7.1393969699601323e-06
8.0505990735064113e-06 -7.6192318258091422e-06 -4.3804455053773894e-06
4.4043470889792991e-05 2.6809261530886391e-05 1.6554068178006864e-05
6.8779397492745031e-05 -5.8152785640409183e-06 7.1798506358071446e-05
-2.3510057786738092e-06 -1.2804777547729268e-05 2.334893317339562e-05
-2.6808138819337405e-05 2.2217710224370357e-05 1.120870945552771e-05
-7.7873791925475722e-06 -3.250258955528329e-05 1.7439588399241826e-05
-9.7002361483244925e-06 -1.1010571494593502e-05 2.9227017000928168e-06
5.0203040893773143e-05 -2.7481264470548966e-05 2.6362577643646717e-05
-5.1853762628589761e-05 2.1071205585240782e-05 -2.4664232095138877e-05
-2.7556325720087815e-06 -3.3296937535662319e-05 -3.77314334118143e-05
1.4817830680562832e-05 -1.1195157146017855e-05 1.5940997051325928e-05
-7.1156372490471798e-06 1.6152286792670521e-05 1.1576455821522141e-05
-7.0152071512362413e-06 1.5577089152591251e-05 -3.408661909251251e-06
3.593452183880963e-05 -2.2961385067063467e-05 -1.9280428996942128e-05
-1.8450479651210827e-05 -2.0652010620653138e-05 2.0945635431163928e-05
-6.7001155486870467e-06 -4.5579756305064167e-05 -5.8083440073707082e-06
-4.8621398838401969e-06 4.4089413587640458e-05 -1.0200608787716559e-05
3.6413831069481142e-05 -3.4403456972980793e-05 3.8599570700240809e-06
2.0419268127867882e-05 -2.642509581418062e-05 -4.6735743826561982e-05
-2.7063154406870016e-05 -3.6956552614236804e-05 4.312155283488564e-05
5.7901041697603425e-05 1.3345501015136381e-05 -5.8782705720603762e-06
-2.1400473630809463e-05 1.9189353071963344e-06 5.2878710339449714e-05
2.672085903828933e-05 1.422275190181288e-05 -1.0786324094676919e-05
5.8253743468322794e-06 6.6966078290653375e-06 -1.2394738226628038e-05
-2.3860339135227393e-05 5.5363961570381592e-06 7.3806158060994026e-05
1.1405329945828783e-05 -2.5241957327560172e-07 -4.0654103668040509e-05
-1.6768665608013489e-05 1.0465205277261636e-06 -2.5552188027931633e-06
1.3344197143883019e-05 2.1152914982225379e-05 -4.5333626174346581e-05
-8.4251548881425151e-06 9.2458801598874207e-06 1.3125565274073325e-05
5.7582785564849748e-06 -1.261498823672616e-05 3.8853292821838109e-05
-1.2757715718377885e-06 -2.1366062636675454e-06 -4.2216328306737133e-06
-4.4309949694267643e-06 -2.5594124615175911e-05 -1.2574829817417477e-05
1.7600058943717523e-06 3.7188897596143744e-05 1.6355933697118769e-05
1.6250043982812823e-05 -1.580785956610542e-05 3.1284246678881661e-05
-1.284004693806462e-05 -1.6978057245868594e-05 -3.6046910650809616e-06
1.1055280852989569e-05 -3.3091223581721563e-06 -5.1984532303296638e-06
-3.9482082392489071e-06 -1.7955289665610996e-05 -1.7056145860932376e-05
-1.2544373046317111e-05 8.3587981564159364e-06 -1.0309415559921556e-05
8.1792188333545904e-06 3.0055747867949179e-05 6.4076377765624054e-06
-1.1428840936071605e-05 2.1195675769303257e-05 -5.3385798620513014e-06
1.8457315737782642e-05 1.8086392125471473e-05 5.4160934914424669e-05
-2.5620088351639629e-07 -5.3097638379353933e-06 -1.734165393976056e-07
-3.2633552692534762e-05 -3.4123581844069939e-06 2.4011821048896403e-05
5.7348451557594194e-06 -5.9752649541570415e-06 -3.9988477476333995e-05
-1.1004693801143495e-05 6.1744067412911052e-06 -1.4908702659226919e-05
4.2309165756287959e-06 -1.6148464187931699e-05 2.789315223015662e-05
1.3214485335307661e-05 1.9173290756621563e-05 -3.380143721446946e-05
8.2018991485049986e-06 3.3525457037992916e-05 -1.8676883940176719e-05
-1.3064065013836097e-05 -1.9058828189973814e-05 1.9365961165269258e-06
-1.5797705991416096e-05 1.6561081984088463e-05 1.1121767513666558e-05
-1.762684826863058e-05 1.0055442376524548e-05 -1.9092730134923075e-05
-7.3571526708728421e-07 2.3667954505575926e-06 6.9839322535576731e-06
1.7580674855424694e-06 7.9669662418450915e-07 1.8730857073701729e-05
2.780533078910297e-05 -9.5661815803227412e-06 -1.5964136107700019e-05
2.0961599386803975e-05 2.3223458937848829e-06 -1.5283213733582532e-05
2.7067399373757999e-05 -6.5506820823204442e-06 -3.1595585393718456e-05
-1.350173723449141e-05 -1.3231693131130016e-05 2.4875641138795423e-07
-1.4663085261226727e-05 -2.4093391870875364e-05 1.7439202092035117e-05
-8.1267717080991259e-06 4.1628790747498881e-06 8.4361350182748929e-06
1.0005724365463875e-05 2.9302245910800551e-06 -1.1512482747142588e-05
-1.0352828267459757e-05 -3.6632633362981837e-06 -1.9898642827465701e-05
-3.2098241866840294e-05 -5.3754134073658033e-06 3.164760454240842e-05
-2.8310593806550838e-05 -5.7257402360064738e-06 6.0537270536918653e-05
2.7080104458843124e-06 -3.1652632323520002e-06 1.1197895438425781e-05
3.9154681711686679e-06 1.531133596893719e-05 1.964487939692082e-05
1.3338531415737875e-05 7.9362799580429133e-06 2.2479822807484201e-05
2.6559231378897596e-06 3.5696998728004803e-06 -3.0471424370034569e-05
9.3684694850992845e-06 8.5349145743651711e-06 3.03991683626402e-05
-1.983833336505203e-05 -3.502279031142308e-05 -4.0289434505604016e-06
-2.1264340854719919e-05 -2.6895186856102879e-05 -4.4298551790892399e-06
6.1741974268650704e-06 3.653855289975725e-06 -1.9285508473756985e-05
-2.1949648151137202e-05 -1.0238031217274512e-05 3.3163718914548668e-06
-1.2857401084795383e-05 5.265346703198226e-06 1.9282785704835201e-05
6.0560346889920735e-06 3.0357668207720012e-06 -2.8083733721526172e-07
2.5789701002851273e-05 -8.7497095859877944e-06 1.475824912976556e-05
-2.4400104505752085e-05 1.4286437028832033e-05 -3.2752468514331973e-05
-2.2135491569059001e-05 -1.2153795807475297e-05 -4.6687248942516024e-06
2.0321323289267113e-05 1.4242730010841087e-05 6.1820084803588388e-05
-1.4364035007662784e-05 1.4689497675975105e-05 -1.6298337208602715e-05
7.4374409252120355e-07 1.5510586598710407e-06 -1.8391360815071811e-06
-1.4585511319609168e-05 3.6370246796230132e-05 5.8492408595463286e-06
-1.3504192856466385e-07 1.3082378422491457e-05 -2.2018187722386631e-05
-7.1570180232099262e-06 -9.6490366767107427e-07 2.8032967143848397e-06
-3.432113196705569e-05 -1.004663272225273e-05 -1.8317466851762443e-06
-2.2617586386761153e-05 -9.2208622008704832e-07 -2.7917894929278819e-06
-8.1760630122745814e-06 4.9063224994511101e-05 -3.183414570346807e-05
-3.1439900799429266e-05 3.7507907558742559e-06 1.6491458352894256e-05
4.3248227694844821e-06 -1.9774442433506678e-06 -1.7794532681612157e-05
3.4357822077911437e-06 2.2656678942301056e-05 -2.3096029193266088e-05
2.4500929928228388e-06 -2.0415698528508663e-05 -3.315989301831343e-05
-2.4241928376626809e-05 2.1666172253643687e-05 1.0851831628830994e-05
-2.7527103201819167e-05 -6.0207134888928655e-06 -1.0594832796497616e-05
2.9209755170456209e-06 -1.4309363374501172e-05 -5.396394667619292e-06
-1.6047742193284198e-05 -8.1080359593671547e-06 -6.4464205917318107e-06
2.6730095779012308e-05 -4.2509788625300082e-07 -2.3428046376918615e-05
-2.4431945569627911e-05 -3.614507930332217e-06 1.6581864709670074e-05
1.8216077242450002e-05 1.0239887865494228e-05 -2.2102734558795273e-05
-3.7562348493978132e-05 1.3782973999249687e-05 2.0342798708224141e-06
-3.6936670336489442e-07 -2.0836344634268607e-05 -3.2442011073812588e-05
-1.7017506385594294e-05 -7.312320165500652e-06 2.3137275572088917e-05
-2.1977645040173466e-05 -3.2731363249046547e-05 5.3981702082723376e-05
9.52796636145885e-06 -9.6093599614331741e-06 2.2358075156382953e-05
2.3071741794070122e-06 1.3459115015060363e-05 1.5809632602215712e-05
1.4213150413847075e-05 3.4778385902741252e-05 2.2256241933058668e-05
-6.0206870727136375e-07 2.4559728602160762e-05 1.9321287323664088e-06
4.7414999531314658e-06 -2.8134624578870548e-05 4.2930609271615849e-06
-1.2605906134915967e-07 1.254605031651701e-05 2.0168588865561443e-06
2.5422981227186947e-06 -1.5227676003377009e-05 9.1195083703511648e-06
-4.0581349550136703e-06 1.4248946408522423e-05 -3.2934022799881862e-05
-2.1742197352172307e-05 1.2232484852749137e-05 3.5448126709667488e-05
-1.1758945046014269e-05 7.1322782486948899e-06 -2.3515343898316068e-05
-1.8635765885287401e-05 -5.9330583954131377e-07 1.2501615987120518e-05
-2.6854228661804536e-05 1.0811623337048104e-05 3.1461039880945757e-05
-2.0468726671524218e-06 -2.534602198583924e-05 -2.6717150069344858e-05
-2.8997991332185835e-06 3.4265657190848953e-05 2.0337678957659672e-05
2.0215212412355577e-06 2.7440367618647432e-05 9.4085900250347188e-06
-1.4182178359051223e-05 -4.2672088430331309e-05 -3.7984887865792627e-05
-1.6114423294515713e-05 -6.9629365575666128e-06 -3.6241220835769167e-05
-1.8203195303996762e-05 9.775253285687624e-06 -1.8977702061686447e-05
-3.1650703918195688e-05 -1.7557536396609064e-05 4.9964471557934625e-05
-1.7615425590353229e-06 1.6508401387033134e-05 2.8111046147073077e-05
3.0775368598974506e-06 1.2607581033046746e-05 2.6639626257414159e-05
4.1011159069820335e-05 3.6383851238011578e-06 1.3288830290645454e-05
-4.9247958920362248e-05 1.5625255767171799e-05 -2.1916621234059283e-05
1.9800539059944191e-06 -9.6563063974389185e-07 -1.1652281350794241e-05
-8.9695462617868371e-06 -5.1779569115381618e-07 -2.1066313121997221e-05
-1.4164763795454505e-05 -3.0084165227345361e-05 -1.7198641083533001e-05
3.945243389722429e-06 3.7164027302844134e-06 -2.9316387568001714e-05
2.7162164901131658e-05 -2.0795976788015591e-05 -2.599495710096586e-05
-2.174347417411769e-05 2.2267930339980925e-05 -6.9851994672458229e-06
-1.4109882683452428e-05 -1.2667348358124525e-05 -2.3741621233749205e-05
2.0068987848856357e-05 -1.1447862548349952e-05 -1.1777177082238771e-05
5.7546234667887886e-06 1.2390900006292727e-05 4.4272705981136112e-05
2.4289445126918219e-05 2.7203409411230561e-05 2.8292380796202804e-05
2.1213847190226787e-05 -1.008196331189759e-05 2.2852468255982888e-05
-1.9905460040200995e-05 1.2600644533844463e-05 1.271179455543045e-05
-1.3788310520810363e-05 1.1125153546247615e-05 1.883023085720581e-05
-1.3068721823353453e-05 -7.2600090616770085e-06 6.8531107847227823e-07
-2.654074683070386e-05 -1.2520940355668952e-05 -4.6983898825229964e-06
2.866478598508056e-05 1.1873003643909881e-05 -6.8161728393797277e-06
3.8947618852550048e-05 2.4991485963216098e-05 3.2254593141690935e-06
1.0813497428670536e-05 2.7011779446264872e-05 2.1764421552128779e-05
2.0103099596562003e-05 1.5649365069958258e-05 -7.5259919271052772e-05
-1.4808942372962486e-05 2.6617671816664412e-07 -2.6328138084962677e-05
-4.0523662271644607e-06 1.1790693154392276e-05 -2.5492573044592903e-05
-6.9898991888750484e-06 5.5270717489952492e-05 -3.4511344903735003e-06
1.99839987307321e-05 2.7174853136322087e-06 1.6262405369489238e-05
9.7369225514620794e-06 3.8298294284894174e-05 5.7457166969150653e-06
-5.3509205206445781e-05 -7.3848130155707015e-06 -6.5876020554959946e-05
