3.1349451188461552e-07 6.2000280229941238e-10 7.8969169064139338e-06
-7.6439243807595401e-07 9.1147997829943428e-10 -9.6202189693254253e-06
8.1170504011846673e-07 6.5114030139978851e-10 -3.8558685071608118e-06
-3.6267125491998287e-07 -1.2407176449430457e-09 5.5395542626502509e-06
8.386078614083109e-07 -5.3703001008827134e-10 -3.8551816432998848e-06
-3.7595253196947426e-07 1.451259451290066e-09 5.5288013182473034e-06
-7.6748002845409419e-07 -3.4188926310244755e-10 -9.6239166065947152e-06
8.3941239444745852e-07 -1.3121621211462098e-09 -3.8372782024519853e-06
-4.1169361841494889e-07 6.0622033434820644e-11 5.4295632992227422e-06
-7.7770450729818495e-07 -4.3846647493350766e-10 -9.6147358238599795e-06
3.3105277631435923e-07 5.2547838595620039e-10 8.0012575133601299e-06
-7.430929891243652e-07 1.2862812592869389e-10 -9.6187373784199087e-06
3.3014901505722984e-07 8.1812138893978467e-10 7.9906572049825292e-06
-4.1302740832744982e-07 1.277494041161762e-09 5.4408199120416917e-06
8.303711565536831e-07 -1.7351831187376716e-09 -3.8337839596957329e-06
8.3965972037108871e-07 -4.2617853054916204e-10 -3.8368102288233868e-06
-4.1186457710225971e-07 1.8905549299457966e-11 5.430745016207425e-06
-7.7550114399417363e-07 -3.2010169467606032e-10 -9.6147213393595748e-06
3.3131732348964937e-07 -1.0452843023653693e-09 8.0013944026586376e-06
-7.4394865967451372e-07 -2.9822684933004072e-10 -9.6163909311924173e-06
3.3090154708936143e-07 -1.2524085657439343e-09 7.9912581457831228e-06
-4.1315009337620189e-07 -2.0442885717564252e-09 5.4400268273500224e-06
8.3253450214749308e-07 1.575142345982411e-09 -3.8345788663501218e-06
8.3896653536603277e-07 1.1665157312323871e-09 -3.8567636496036201e-06
-3.7870241356577697e-07 -5.806042930505198e-10 5.5303089649561682e-06
-7.7019712366697968e-07 1.5309152811551416e-09 -9.6242124710214233e-06
3.165582938629511e-07 9.0996472596610589e-10 7.9012009318053106e-06
-7.6463688044537607e-07 -8.3106875114341561e-10 -9.6207299242184047e-06
3.1187180303191009e-07 -3.6031709983296717e-10 7.8953594537991417e-06
-3.6384052217244833e-07 -3.5806871137296185e-10 5.5411901939573377e-06
8.1085454818832932e-07 5.1660663854397049e-10 -3.8567738956715031e-06
3.1817409674918945e-07 8.1032962002784703e-10 7.9012825652240853e-06
