3.3417924079001682e-06 -4.5421979242893287e-09 -3.6334606859207263e-05
-3.0801826714603193e-06 -6.7161635142198861e-09 3.5869058734238398e-05
3.1592112061150715e-06 -5.6766407789676787e-09 -5.96292384387998e-05
-3.4309486268216394e-06 -1.1946879046806358e-08 5.9153357525481166e-05
3.1130399019891654e-06 9.2370018619624544e-09 -5.9606456210248206e-05
-3.4282204428362755e-06 -4.0118969314468112e-09 5.9141820964954839e-05
-3.0377830374890211e-06 -2.6420165038445618e-09 3.5848007655933396e-05
3.1774730870140488e-06 -1.7993317108413315e-08 -5.9655766584089647e-05
-3.4958625115821818e-06 -3.6695616246161522e-09 5.9112130349967418e-05
-3.0780524357995175e-06 -3.025424938352117e-09 3.5912435245287217e-05
3.3967924998071176e-06 4.9566182554574342e-09 -3.6311768501828389e-05
-3.0859425546878386e-06 -6.5506807040053932e-09 3.5873835045507636e-05
3.4106198452572845e-06 3.3438479037290521e-09 -3.6319989209748337e-05
-3.4808378112271198e-06 1.4090275945793582e-10 5.911981202259874e-05
3.1461755373822509e-06 -5.9911831312692678e-09 -5.9661370749614518e-05
3.1817765329018866e-06 3.1839101588708777e-09 -5.9646551530790227e-05
-3.4852498146920562e-06 2.5150567145137536e-09 5.9109244147822083e-05
-3.072516540280994e-06 1.460933202293872e-09 3.5919033392582244e-05
3.3964968647014204e-06 -7.1712992085165139e-09 -3.6310892305868852e-05
-3.0812869614570853e-06 6.0846295485265413e-09 3.5889609990905329e-05
3.4127372123479716e-06 -2.9933335185527987e-09 -3.6313365092576887e-05
-3.4731360223758025e-06 -1.3247563185325717e-09 5.9123328941119036e-05
3.1521508963134291e-06 1.8288200087125672e-08 -5.9663445109851051e-05
3.1256439339138759e-06 -9.1339146107705105e-09 -5.961129359153888e-05
-3.4307130041771969e-06 3.8150016688472468e-09 5.9144018188975623e-05
-3.0397429441201065e-06 2.3136337179863881e-09 3.5857316854690739e-05
3.3430601306437893e-06 -1.5832930036485671e-09 -3.6340436876061959e-05
-3.079123603491878e-06 4.895892241965627e-09 3.5878197127511401e-05
3.3357240614047268e-06 4.5530706093116057e-09 -3.6326394466670419e-05
-3.4300634606833358e-06 1.3027435647274856e-08 5.914683773721981e-05
3.1700785348759886e-06 1.8453938876788686e-08 -5.9627154985005763e-05
3.3477952737144025e-06 2.3553713395104651e-09 -3.6344004261268641e-05
