1.6773514889757007e-05 -1.6812789352603627e-05 -2.9936940793832316e-06
-2.406921353943596e-05 -1.7359658997788407e-05 2.422444572236504e-05
1.8505776269057972e-05 -6.8239886450716103e-06 4.623363213488536e-05
2.3771507994929664e-05 4.2572540409624438e-06 5.0536955146791851e-05
-6.3743458733611646e-08 -1.9941119557498332e-05 1.9583078525111634e-05
-1.9001365376941637e-05 6.6905109639137095e-06 -1.2475497588503894e-05
1.5968022997706055e-05 -1.7951168465627724e-05 -3.8268465277647296e-07
9.5408891997219854e-06 2.8398704401411123e-05 1.105365252953433e-05
-6.0917414011251239e-06 -2.6318370715462669e-05 -1.7844997603020524e-06
-8.8962111515736742e-06 -4.5253833784279773e-06 5.7241763989810627e-06
-2.7937293145870187e-06 1.0490823696496188e-05 2.3969060099706269e-06
1.2155703943386026e-05 -9.2599644588332863e-06 2.7854802345805146e-05
-3.2944140004018824e-05 1.1266067855064676e-05 4.7364497579498264e-06
8.4610215321176407e-07 1.6061140021386569e-05 -2.2100844735249356e-05
1.0404367355989382e-05 -1.6024528887315787e-05 1.0886775692159692e-05
-1.5720456217853309e-05 3.5885701504083378e-05 -4.1796845260747006e-06
1.232878800844911e-05 -1.5131499747862709e-05 1.1339767809526863e-05
2.2565307515261012e-05 1.7818070731868453e-05 1.7824994420491163e-05
2.3534717983109132e-05 1.1650970254017956e-05 2.4851259235836441e-05
1.2138854746825047e-05 4.4317015612506611e-06 1.2200777205776813e-05
8.8080690761204079e-06 -1.1564545929511336e-05 -4.5562986419722985e-06
2.0810176949346681e-05 -5.9621654041946623e-06 1.0551528207817032e-05
3.0872073908229727e-06 -3.7681368776840141e-06 2.1989520043289718e-05
8.6768326690994657e-07 -8.8345432740196198e-06 8.404500589642705e-06
-5.8594532432801327e-06 4.3756119078109182e-06 8.8562492240464681e-06
1.087776581735686e-05 3.0524952788061645e-06 1.3637324905961014e-05
1.6031769463804586e-05 7.7718724517741866e-06 -1.0642302424338987e-05
4.2485804721309409e-06 1.1272325231081171e-05 1.332650103900223e-05
5.9963156825722406e-06 -6.3249232324524585e-06 4.7499965586865429e-06
3.325865718349641e-07 -1.5306878424682581e-05 7.497860881120269e-06
7.1820417900710781e-06 -2.1721144641491212e-05 5.3280528524712878e-06
-8.6831546767327373e-06 -1.1037075238697064e-05 6.490330510352648e-06
2.5102331480224283e-06 -1.3545975980147618e-06 -1.3696589457184993e-06
1.6692324217542176e-05 -9.609164057588531e-07 9.5102545811350871e-06
1.4407826456553502e-05 -1.183447214134388e-05 1.1321072324349535e-05
1.9142924030374e-05 -1.4127528670093877e-05 9.3194677120635606e-06
-7.8484200107500465e-06 7.8246161417911233e-06 2.1089081780127986e-05
9.3292434473132846e-06 2.1878075606544811e-06 -6.9977900104198354e-06
-9.7146137454235922e-06 -4.2289138839342408e-06 -7.8583784270505651e-06
-2.0982662214345652e-06 -4.1141727771358549e-06 9.118115295485632e-06
1.2832645511647314e-05 -1.0389834301625698e-05 -8.7295828100769262e-06
1.455725765348724e-06 -1.8452694479451776e-05 4.293527955733508e-06
2.8072757925672485e-05 1.2581765730778488e-05 6.0925525774000377e-06
1.3896670537016866e-05 -3.2820245053286068e-07 -7.8871816300421027e-07
1.4426973875440036e-05 -3.9402265628561695e-06 1.839875214573913e-05
4.6368178939087289e-07 1.9210280598071228e-05 -1.1071173027846909e-05
1.3101834707276994e-05 9.4579456541713305e-06 -5.281277887677488e-06
-1.456400456445895e-05 8.1275654225179683e-06 1.3469469369196616e-05
1.7138214495294232e-05 -8.2786806515633415e-07 9.9814370567204299e-08
2.2147012948624083e-05 -3.7555690734457359e-06 7.8334175583477661e-06
4.1507281613086672e-06 -6.2620368135313242e-07 2.9594742742885399e-06
5.0558390669898368e-06 1.5249426420167571e-05 4.3808887838434063e-06
1.0709616665266868e-05 1.6833927761392389e-05 3.2453652488125049e-06
4.5158906092054194e-06 1.5491559403419709e-05 -2.1097421567977878e-05
2.4837629969246683e-05 3.7547277647667632e-06 -4.8293016168161895e-06
3.9923993409721539e-06 4.6462412462179581e-06 -5.2233022506762566e-06
-2.0781200414043149e-05 -8.4754499656124888e-06 8.6192256287150049e-06
-6.0951923093813254e-07 -1.0113099407682569e-05 -2.3541350357376978e-05
1.5655493315978181e-05 6.4654274543052281e-06 3.5806853431625055e-05
-6.1668068757119647e-06 6.4637647705298451e-06 1.785107532640412e-05
-1.4844917199836493e-05 -6.5757270761857001e-06 1.200975665903675e-05
-1.2472888558277221e-06 1.4676743657363045e-05 -1.1262181477414424e-05
8.4353799180598987e-06 -2.1382966518884369e-05 6.541977275453803e-06
3.5181566258580405e-05 1.0609291251906239e-06 -9.9482382270180483e-06
-1.5977166457954543e-05 1.5035661744319112e-05 1.9895841341464188e-05
-1.5052821270521176e-05 -2.9437202324069062e-05 1.3835516204113761e-05
1.3971486726158285e-05 -9.8909807324642357e-07 1.1864779274270432e-06
-2.027119830744304e-05 1.5743612202138296e-05 2.222694043416823e-05
6.5511897672104052e-05 -4.2582841339424554e-05 1.4365678410182756e-05
-7.7191864441411573e-07 -2.855070169506882e-05 3.2549210588796174e-06
1.0671940238833263e-05 5.5442381840034582e-09 7.3581939691727174e-06
3.6663866565720397e-05 -4.8796416075597755e-05 -4.1488176032497843e-05
-2.2255649089267249e-06 1.0788863452038458e-05 -2.036849687144654e-05
-2.1775157526431922e-07 -2.2669306586833513e-05 1.0914826500684621e-05
8.5914341445489373e-06 2.4368420899465761e-05 3.6735357974645023e-05
-1.0003097564115243e-05 7.4179125309383017e-06 8.5910662412114936e-06
-3.010844364977408e-05 -3.2599101595885693e-06 1.3970483288366226e-05
-1.192921772163319e-05 -2.1019813361002407e-05 -3.3301021891344977e-06
-2.2128390665717551e-06 -4.0433665609573843e-06 5.6299710061470665e-07
-7.5122353307356912e-06 1.1612577059394447e-06 1.5084015869997932e-05
7.2207355843965102e-07 -1.0512134247417609e-05 2.9060659567501564e-05
2.4100598627512567e-05 -1.4637834000741368e-05 2.4631998194749732e-05
-1.031126797398918e-05 1.2769064011930453e-05 -6.0458307281972243e-06
-1.5155166989306524e-05 -2.2709190005354429e-05 1.1451777514786942e-05
1.2674316336031e-08 8.164118573013128e-06 1.12464929753614e-05
-6.6661090838168765e-06 1.9076718825202085e-06 4.6512834004959892e-06
-2.4242507165331273e-05 -2.9193131603884315e-05 -3.1299753010490252e-06
-1.9284745875092213e-05 -1.0091160642350383e-05 6.2662327938758618e-06
-7.2116565613895007e-06 -2.7828951317254713e-06 -2.3972493552147102e-06
7.5589920439471167e-06 -6.9765977085971438e-06 1.2066023609728568e-05
1.224427818106652e-05 3.8733275092030749e-06 8.3732487378478061e-06
-1.5352774994795496e-05 5.4968656347745976e-06 1.9889380379431443e-05
6.8124127993000883e-06 -4.9596863601337852e-06 3.7154565297320419e-06
-1.4274314049166764e-05 -7.6786785734930807e-06 9.130487171625512e-06
-1.3970435692020524e-06 -3.8935370824059318e-07 9.2507902550273587e-06
1.3751580575861039e-05 -1.5544216517275611e-05 -2.7748231688488889e-05
-2.9048088436168379e-06 1.5969914800309515e-05 -1.5921763456229129e-06
-8.4684273972566657e-06 1.317507922863996e-05 -3.2841045911266575e-06
5.0594056524855269e-06 -3.6028371666607661e-06 -2.7831651227552216e-06
-1.0631054130839229e-05 7.5033744492605109e-06 -1.3083761208471795e-05
-1.4962478251934891e-05 1.2972808535627323e-05 -1.8646049451408013e-05
-1.6307632114214939e-06 9.0284212335986838e-06 -3.426475300980056e-06
-1.2011181761306666e-05 9.4844729421408869e-06 -2.5922224654007908e-05
-5.3874275509997526e-06 2.0440866474258704e-06 -7.191785804536166e-06
-2.3248876296928079e-05 1.28906882676319e-05 -1.0492778349151591e-05
-2.1452601710309254e-05 1.0389036535801699e-05 -5.5679015828081352e-06
1.2058528268589502e-06 1.5415154428867169e-05 3.4168042158493062e-06
1.3466244924237314e-05 -1.2672904359078974e-05 -2.0128166457751257e-05
-1.6208551979398148e-05 1.7701189571603382e-05 1.2095147894023578e-05
4.1101122347127206e-06 1.4665603124456705e-05 9.1662860801644541e-06
-4.112571275166621e-06 9.7038304336452552e-06 9.506990970242768e-06
1.2261617435362776e-05 1.3608152865920466e-05 2.2887087976618259e-05
-8.6927393269653486e-08 5.9697099684787383e-08 1.7283841721105891e-05
4.5422697077307159e-06 2.0972471974356477e-06 -9.1793490790722631e-07
-1.6998169135307162e-06 2.8041115699926553e-05 1.3067643244872584e-05
1.9222878951637113e-05 9.2565059384604187e-06 -7.1400376068387207e-06
-1.9851928020959107e-05 -9.7309863203928759e-06 9.2661773003210879e-07
-2.8989676915322504e-05 -1.0234691634691817e-05 5.4067855152772903e-06
1.7567324908256132e-05 -9.6114877405142907e-06 -1.0651157512439591e-05
-1.4954510897285164e-06 -7.4259738158447529e-06 -7.9780018180717997e-06
-3.6360721063815465e-05 -6.8236473637212081e-06 -2.765046998372267e-06
9.7594069732411849e-06 9.4961271104258144e-07 -2.6609970227471635e-06
-1.3948546851300092e-05 -3.1237694990792278e-05 -6.2040376473553906e-06
-6.2639388769522618e-06 -2.3901326423299632e-07 -1.0898091015865488e-05
1.8458321861461804e-05 -7.716691933556518e-06 2.7895185768761922e-05
6.661466851989895e-06 1.4228840202415048e-05 2.7702665719669549e-05
8.9472472880358948e-07 -1.0901322306784787e-05 6.7298849820096813e-06
7.1949121906948049e-07 3.2638882801003938e-06 1.0829164342505602e-05
-5.3230175125189852e-06 6.0248030892972442e-06 -1.7258587361287242e-05
-1.2019947705457596e-05 -4.8178295929258947e-06 -4.5862665312963822e-06
3.6679974770056738e-06 -1.424306580736911e-05 -2.4342819373197877e-06
6.819248770254095e-06 4.236143436922216e-06 -1.8868418230509262e-05
1.2451368263712839e-05 -1.7761813716114707e-05 -8.8810060586601638e-06
-2.3354595239780812e-05 2.4864984741799698e-05 -6.0497214367750615e-06
-1.0475537242577056e-05 2.0034783902991935e-05 7.8699688647058865e-06
5.1425507488355067e-06 4.8098416786587772e-06 1.0591432182626283e-05
-6.5876050953663466e-06 -3.5272546096481658e-06 1.8627939955669082e-05
4.7754783176461729e-06 -2.6208340752659817e-05 2.3114192284921786e-05
1.6045183396971776e-05 1.8290124192472512e-05 3.4043940112624127e-05
-2.5838581816070947e-05 6.4960147672507226e-06 2.9274002849251466e-05
5.8878341690479785e-05 2.7310362074317585e-06 -3.9373025223596748e-05
5.228277734447076e-05 3.3952624508745786e-05 4.3294882700283373e-05
-4.6593217932072717e-06 -2.6992150721390218e-06 1.2092965090193042e-06
-1.8910013444183721e-05 -5.5583333718779715e-06 7.4171313685566717e-06
2.2715764452715947e-06 5.7968705256261632e-06 -3.6975498784175276e-06
-2.618132266077669e-05 -8.231470716893452e-06 -1.0404346265729947e-05
1.4229648851107543e-05 3.3840735454290175e-06 -9.3179575828736781e-06
-1.4049465977591935e-05 1.2648540978904554e-06 6.8832288989684187e-06
-1.8275177537318502e-05 -2.4064057249068406e-05 -1.4805195306229202e-05
-7.8977541372970172e-06 -8.7654354142193975e-06 1.7230387229593899e-05
8.1958767993296999e-06 -9.9559550537628967e-06 2.0284790111487644e-05
-7.6845911559880422e-06 -2.5889366462493457e-05 -1.375446639781276e-05
-1.5357016328459983e-06 -6.1355855495853762e-06 5.020641218300607e-06
1.2653171458043566e-05 -9.4456610248705442e-06 3.2082044399722731e-05
-9.9150333713118877e-06 -1.0605231843763274e-05 2.1262678874738733e-05
-1.7078989703378511e-05 1.7489667681336307e-06 1.0511266425913823e-05
-3.1769249263291499e-05 2.7969880068284825e-06 1.2922595744734207e-05
9.5860704218131421e-06 -3.2761149730137218e-05 -2.195598595765378e-07
-2.14345726248788e-05 6.2629131864014309e-06 8.1163839055937992e-06
-7.6945534781755476e-06 -4.98672703160008e-06 -4.5053647869873618e-06
-1.5645580133167193e-05 -1.9979817950821488e-05 2.5045651211010268e-05
2.3004452181043557e-07 -1.3182160009575505e-05 3.1212703312874247e-05
-1.2855711320400082e-05 -9.2002765483540478e-06 9.0832883181238321e-06
-6.8307822373697008e-07 -7.7347285131479371e-06 8.0566526767876315e-06
-3.9508091666111715e-06 1.406951408763557e-05 4.6498190132116229e-06
1.7665100307762138e-05 1.7267553022223131e-05 1.4587040548200148e-05
8.823700129920878e-06 -5.7586220416494668e-06 9.9327354664280332e-06
-1.5522011175920017e-05 2.6692736618347951e-07 1.3774831814787874e-05
5.9005731604944156e-06 1.3590071392122205e-06 -5.0317918287856589e-06
2.5840019909375387e-05 1.4178187250241461e-05 2.7472531372862985e-06
1.5931669637836399e-05 8.5431845627451623e-07 1.0198935301089507e-05
2.5592257506430738e-06 -9.7095686616144317e-06 4.5905540232837199e-06
1.3690467404181669e-05 -3.8430700959770476e-06 -1.1630598696049654e-05
-1.2563192165880588e-05 -3.8020270219157534e-06 6.8251676968236752e-06
1.9855533684082216e-05 6.078538160356195e-06 1.3610673764277714e-05
-4.0025723122174943e-06 -9.4986487470249958e-06 -7.2587340291727347e-06
-1.154850140773489e-06 2.9839299753864346e-06 -8.3087575230428312e-07
6.5528719161169445e-06 -6.5077181187478406e-06 -7.3471135582819686e-06
2.216393334422453e-05 1.0511466111655425e-05 -1.5000839562558132e-05
1.5661816558307229e-05 1.5965053432043241e-06 -6.5300686213944081e-06
-3.0694165322141232e-06 8.8882738852108165e-06 1.2369532816539942e-05
-2.0265227221939835e-05 1.2007330966359799e-05 -1.516145638196771e-06
1.6270264181136309e-05 -1.6323567684273232e-05 -8.4213189355024717e-06
2.8572989473225072e-06 -7.2543728479482142e-07 -1.0332494882730331e-05
5.7884813310232763e-06 6.4513743656784139e-06 3.8095248115835312e-06
5.3088438637148309e-06 -5.8021169706115648e-06 -7.4807258253067888e-06
8.1072887009652969e-06 1.1438160473748772e-05 1.4536311127116418e-05
6.1981670214927842e-06 -5.0181136307487703e-06 7.6857694281118327e-07
1.5087931426155388e-05 -9.0733737467402209e-06 5.4612863156582557e-06
-2.1274691460321238e-06 -1.3803648922922074e-06 2.8869181589691957e-06
1.4298426262056296e-05 -3.4086864156221419e-06 1.0214666707489273e-05
-1.0945106423479456e-06 -2.6441389325802811e-07 9.3057939999814654e-06
5.9439919653069983e-07 -1.005844891437167e-05 -7.9535166285773444e-06
2.128118766786183e-05 1.1399343605316119e-05 1.1512352156406447e-05
-6.7899456937003908e-06 5.9947718367356351e-06 5.8633976905836382e-06
-9.3831119893118277e-06 1.2140873094290336e-05 1.6012367077877787e-05
6.6296149742531285e-06 -1.9328697828044361e-05 -1.0654503446894115e-05
-1.483737537812807e-05 -1.6333745734148364e-06 9.3219576998470667e-07
-1.1766952402625375e-05 4.4828355523912622e-06 -2.4039303814504809e-06
2.389625974029824e-06 -2.6907527305925546e-06 -1.1988214787411213e-06
-1.6193996899005469e-06 -9.8903491264415444e-06 -4.1970933199771533e-06
5.1044065061678356e-06 2.5138467628083028e-06 1.2755224824079203e-05
-9.249038308248303e-06 1.7830568926693879e-05 -1.2230703039813441e-06
-8.9642258468136671e-06 1.25129680502295e-05 -1.6969796083239619e-06
9.300218325355552e-07 -5.8884123835534208e-06 1.819519296682344e-05
-1.1530528212996827e-05 -7.6539713324275116e-06 -1.3839312373101209e-06
-7.7039898388336914e-06 1.8196906820006076e-05 1.9521355160081823e-06
-1.2309084603534526e-05 6.4405580898208026e-06 -5.7302612402054809e-06
7.5875611649234287e-07 5.3623949354403289e-06 1.1672295885341299e-05
7.5334683814903824e-06 -1.3222027483716925e-06 7.2753842953396375e-06
-1.2962525772694522e-05 9.1138486413705477e-06 -9.5208231209037431e-06
6.0329251772139119e-06 -1.0347862632223426e-05 8.0120571394615148e-06
-6.6715503823196935e-06 1.8655057505355746e-05 7.7446941888353882e-06
3.3739240661301295e-06 1.5454244314348081e-06 9.1385583182931884e-06
-1.1380956618692317e-05 1.4725747944741019e-05 -6.0923627881737108e-06
-1.8471061754857243e-05 -7.8306735974732755e-06 2.5751172278888764e-06
-3.6922762998048853e-06 1.3194465642848779e-05 5.6544643819998022e-06
-6.0425503879265576e-06 9.861164121766422e-06 -9.1437943282556e-06
-6.8865301698639581e-07 3.4802827918040125e-06 2.7078935575658436e-06
-1.7734124217912151e-05 9.2381514028155864e-06 -1.5116353455843501e-05
1.9108888350456016e-05 7.1610381270224756e-06 -8.4123235581795575e-06
-1.3763066004693658e-05 5.9647673880669494e-06 -1.7592487427310621e-05
1.4719090405139489e-05 3.5350035099157052e-06 -4.2478174075155639e-06
-1.6865294422473627e-05 -5.9674825049968461e-06 1.254307492135065e-06
-1.599650859217988e-05 2.3918433217959278e-05 -1.1024839333989567e-05
-8.0986306600272013e-06 8.5900608655925114e-06 -2.3858365621890268e-06
1.2161684287480094e-06 1.3497259985784105e-05 -5.8807300405891631e-06
1.0943246195926405e-06 1.9353838100485987e-05 4.3466070362974379e-06
-9.6943212972849802e-06 1.9127845422300602e-05 -5.0854040929398242e-06
-1.3002026405889433e-05 9.1974626920121594e-07 -6.5349204703031571e-06
1.2220644905400202e-06 2.9812192359895962e-06 -1.0023647180903983e-05
-4.0930483181170326e-06 8.6895604085014758e-06 -2.3861346497224814e-05
1.098396544427227e-05 -4.1855252240485807e-07 -7.10095439761943e-06
-1.5222515478032617e-05 2.0148974693406929e-05 -1.4801889642854064e-05
5.0979380717287165e-07 9.3858973963384384e-06 -4.5712587629642698e-06
1.4729353832232564e-05 1.9106526016899153e-05 -6.3581058327008208e-06
-1.591468258279119e-05 -6.5862964931939771e-06 4.4638812623787327e-06
-1.7813867751365758e-05 2.7357947505329827e-06 -6.4920203916019048e-06
3.346319981845211e-06 -4.7642701295211656e-06 2.0119122647416038e-06
2.0300590110527289e-05 1.03941529321505e-05 -1.0708598221715525e-06
-5.5316681801930584e-06 9.5325941246171553e-06 8.5051090537024976e-06
1.5537551361799462e-05 -2.647870893650317e-06 -1.3181580021504047e-05
-1.1509758388164593e-05 7.7930202932331022e-06 -1.9877006818824761e-06
1.233703728290616e-05 -3.6458774707107122e-06 -4.1159368767000365e-06
6.4417136464781088e-06 -1.1941322560965473e-05 -2.4851127035374621e-05
2.3316242509646701e-07 2.1017246872312434e-06 1.7749151202353652e-05
7.081042046063607e-06 -1.7838817548158567e-06 -1.4611119197843747e-05
-9.8301291516244324e-06 -1.0387763577791864e-05 -6.7387385881134687e-06
-1.6735630671421697e-06 -7.773671479874289e-06 -3.2306620232874783e-05
1.498472672536999e-05 -1.0449949922448909e-05 -1.9741163535313966e-05
-1.7340804783041349e-05 1.4121062770749044e-05 -7.4453330639883027e-07
-6.3701126275919807e-06 1.0381845158616019e-05 -6.0951416011891466e-06
-4.9865758196820931e-06 -2.924778985446963e-06 -1.8138818079594526e-05
-8.6274482456599744e-06 -2.1465389841240912e-05 -2.8362765071010543e-06
-1.9641881198600997e-06 1.3267532821562011e-05 -1.9160609637684789e-05
-1.0948435378961769e-06 -2.796199647445838e-06 -1.1230728594286573e-05
1.784060229839679e-05 -5.9336869494830413e-06 6.135140553586993e-06
2.3115263466932934e-06 -1.604343042452272e-05 -1.4453054678509325e-05
-2.3467358001390347e-06 3.5105223794221195e-05 -3.7396276683630999e-06
-5.5410897885181665e-06 -1.7015321570543196e-05 -1.6575945173319395e-05
1.1893591289559446e-05 -3.300687547202032e-06 -2.7855603763060621e-06
1.2086054444440566e-05 5.2817507914578593e-06 -3.9460629101817357e-06
2.2073814484255272e-06 -1.6345437566497867e-05 -1.4225466970718692e-05
-1.848981450735393e-05 1.2802002764780718e-05 5.7949089429104594e-06
-1.487392871755977e-05 8.7043723977150989e-06 -4.2571083533893272e-06
-3.1748512705938314e-05 -1.0063326709171261e-05 2.7318352514678291e-05
-1.5116304662140048e-05 5.3680189259219802e-06 -6.3105878380577976e-06
-1.4323046825436003e-05 -1.724464752343724e-05 -1.1152890729823617e-05
1.5139740652109337e-06 2.8105993350044693e-05 6.8766311025534699e-06
-1.9708680025156243e-05 -7.3511370990363926e-06 -1.4511731335521694e-05
-4.3536996975528309e-06 -9.4578400028173457e-06 8.6726380374838909e-06
-3.6546358148509261e-06 -2.7959010316859489e-05 -1.3691236569468579e-07
-1.4804459152530384e-06 1.0605597805593558e-05 -2.9851409332726747e-05
2.2158768109886012e-05 3.5852332763708361e-06 1.7647210215770981e-06
-1.069163616283092e-06 -1.4353044367643175e-05 2.7067120502363706e-06
-2.7136669978621714e-05 1.3549817852454016e-06 -2.9784979605207429e-06
-7.9575395044622146e-06 1.2546307987693073e-05 3.0705200546550515e-05
-1.6281130080415124e-05 -7.5712678946904255e-06 -2.4442360639587157e-05
1.9724475829041577e-05 -2.0671518794521115e-05 1.3053435092100218e-05
1.3868341339901002e-06 7.336336642564667e-06 -2.6958037495916631e-05
2.5682180171418545e-05 -3.6965536073241267e-06 -1.4521449307074163e-05
6.100106627583044e-06 5.6406052766910797e-06 -8.6147285850465653e-06
-9.4342353486762619e-06 -6.3511619992375726e-07 -1.3183033244731999e-05
-5.0605351644000818e-06 2.3298738158999792e-05 -1.0961386249341842e-05
4.4998596468106614e-05 -3.2345661864427444e-06 -2.7089162015634521e-05
1.0205438490392543e-05 8.3919872847226795e-06 -2.3570782147869176e-05
-6.678913657464508e-05 1.157597804610222e-05 3.0828045162259454e-05
-1.1990131934404291e-05 -1.7727178057980186e-05 -4.5439716245526413e-05
