3.8194500158565681e-06 -4.7125532163638101e-08 -2.8153331096638767e-05
-6.4945777530996032e-06 -5.095354576638224e-08 -4.8239315877860161e-05
-8.3533722598297389e-06 -5.6433791795901245e-08 1.0422011101139488e-06
-4.8040259281439263e-06 -1.4457417802857253e-08 3.7224526637309914e-06
-1.5771833194814936e-05 4.9427967547914509e-09 1.0299114729158971e-05
-3.2106090071285995e-06 6.0237224253772981e-09 -4.0887486714664533e-05
1.286152433150028e-05 4.2693949441984755e-09 -1.0880349336495499e-05
8.2979278107075949e-07 -8.7283562093851239e-06 5.9992768011488638e-06
-5.3822847542745866e-06 -8.7834779451064794e-06 -1.8590818080320252e-06
6.2707152703832931e-06 7.7146421261105585e-07 -3.9822285186970948e-05
1.2981963463314788e-05 -1.0638505115040386e-06 -6.2003171464142075e-06
-3.9423577605327302e-06 4.2529175871699012e-06 -2.7772510942675448e-05
-8.9478520989751814e-07 7.2406763086904386e-06 -1.2571243548628163e-05
-8.8612368526175787e-07 5.4969862531848226e-08 1.5214491395393499e-06
-2.0675170641656676e-05 -4.5611348593014352e-05 7.1387273580789546e-05
8.6038022913126344e-07 8.6945634632627647e-06 5.9966056270206215e-06
-5.36289073708421e-06 8.7671590324345933e-06 -1.8876472105719237e-06
6.3049625669420054e-06 -8.4335704613185559e-07 -3.9813072329811499e-05
1.2962054457981787e-05 8.7590026464680077e-07 -6.0988385277896927e-06
-3.9520480472885248e-06 -4.2685100802702925e-06 -2.7754679063898922e-05
-9.4874371055534389e-07 -7.4019927975087869e-06 -1.2627649873237553e-05
-8.7407958640570854e-07 -8.004173013623217e-08 1.4998771797479667e-06
-2.0651377563393747e-05 4.5432638233667503e-05 7.1298069968200959e-05
1.0465362524339408e-06 -6.4656419516972985e-08 1.2629692853290912e-05
7.5867981737102498e-07 -3.4611646731195003e-09 -2.8398498802241056e-05
3.623486686489194e-07 -2.8727681108824436e-08 -2.3527400783417054e-05
4.1607124901469738e-06 -2.2308858555267208e-07 -1.7634439664480483e-05
-7.5260230961036925e-06 6.9462231033663453e-09 -3.683237197459879e-05
5.9718055261948066e-07 1.2240187335704408e-08 -1.4247973982441358e-05
5.5116763782812189e-06 1.2159103164859769e-08 2.5970114773083992e-05
4.7124486775286262e-05 -2.9425128640972464e-08 6.6372203156690995e-05
1.8808909368263783e-05 -3.1712262280091455e-07 4.7200127942300264e-05
-2.0561024561847885e-05 9.2853976515815272e-07 0.00016536095915013196
