5.898807232573855e-05 -3.4694830302009483e-05 0.0001401909583148564
5.9043406146375155e-05 -3.469300633163197e-05 0.00013988423604943678
5.8928508379352262e-05 -3.4790892155966979e-05 0.00013991657812720271
5.8901334944926054e-05 -3.4708547103412535e-05 0.00014015225099517359
-1.9255440330313882e-05 1.1292769530661185e-05 2.4950778751309244e-05
-1.9550719997235891e-05 1.1114992778948896e-05 2.5408318668998509e-05
-1.9715692279820285e-05 1.1306454370696439e-05 2.5049591006798266e-05
-1.9402378980358368e-05 1.0848335268043297e-05 2.4465105423268629e-05
2.0833548967570019e-06 -2.304405676790619e-07 2.9904762443841437e-05
2.5214791573580086e-06 -1.1823242124361574e-06 3.1415510557977755e-05
3.5525613207223344e-06 -9.0235400606458738e-08 2.9885037592401742e-05
3.0444152021996684e-06 -2.6860902624381566e-07 2.9624018975479838e-05
-2.0720748164461948e-05 1.1694218055912763e-05 2.2806260069063722e-05
-2.053608555523131e-05 1.1479756777760253e-05 2.2335843229234764e-05
-2.0011534261581544e-05 1.17896017749233e-05 2.1808717713442394e-05
-2.0283841891549322e-05 1.1918008829103766e-05 2.2477235586626509e-05
1.0103903242457087e-06 -5.9577381339838507e-07 3.3025953249804507e-05
3.3427768347135092e-07 -9.7300411134692948e-07 3.2082719720681607e-05
-7.6074682393845183e-07 -1.0004437362848284e-06 3.1606145235694993e-05
-1.5465984710047432e-07 -1.892777785744747e-06 3.1530934903038765e-05
5.9549784469870026e-05 -3.4167040724009112e-05 0.00014048518645501384
5.9470349164945924e-05 -3.4154708514949617e-05 0.00014069872478911227
5.9414612313554716e-05 -3.4209502800086611e-05 0.0001406131325796256
5.9493660095354117e-05 -3.4267067627644088e-05 0.00014034583525585065
-2.0314089565764916e-05 1.2111942563374986e-05 2.8210063157348142e-05
-2.0254718580470232e-05 1.1712964384402724e-05 2.8084663960203926e-05
-1.9795782072496847e-05 1.2326132032038626e-05 2.771548936991719e-05
-1.9848854022851451e-05 1.2119326534241808e-05 2.7704339447681692e-05
-4.0826928579089372e-06 1.205973748553686e-06 3.1291538749672609e-05
-4.1197704301295431e-06 8.8977124597150372e-07 3.0990827413458766e-05
-5.2901742511046734e-06 7.7239669829531898e-07 2.9288375296220026e-05
-5.2021367290128184e-06 4.6595329580845224e-08 3.072619150493866e-05
6.7801112098319488e-05 -3.778444044466589e-05 0.00014065297859047754
6.7733968438232761e-05 -3.7748075745525078e-05 0.00014090518095766225
6.7678765177344282e-05 -3.7780008252996655e-05 0.0001407904859671294
6.771178585392168e-05 -3.7792924311570405e-05 0.00014047271224459923
-2.0310464587449702e-05 1.1586536848699671e-05 2.9012479434611937e-05
-2.0173768759150208e-05 1.1510913987905491e-05 2.9060165208309729e-05
-2.0369908509395191e-05 1.1520675282812522e-05 2.8468431850392495e-05
-2.0435190857529884e-05 1.1440087996555937e-05 2.8713075561306867e-05
-2.5045424289253594e-06 3.1742384370899443e-06 3.2195033204424073e-05
-2.6209928318968265e-06 2.4795459610661794e-06 3.043560122284461e-05
-1.6950955759015664e-06 3.6931108496530583e-06 3.0095957262527007e-05
-1.5363902506668583e-06 3.17381110907886e-06 3.0696616583336667e-05
6.6395237715122235e-05 -3.9307448423786528e-05 0.00014057522512722631
6.6407606415852961e-05 -3.9303288403119176e-05 0.00014082455927738602
6.6296308414842686e-05 -3.935378008107504e-05 0.00014085623304066486
6.6341895349375513e-05 -3.9394419073468523e-05 0.00014063938178993096
-2.59962079052808e-06 8.7377863150928797e-07 -4.1132942106614223e-05
-3.0998473777431746e-06 6.8243814455026808e-07 -3.966717682130777e-05
-1.6099680587860371e-06 1.8556547407111261e-06 -4.0392891536900066e-05
-1.2163503078346707e-06 1.329983850356653e-06 -4.0744810453158253e-05
1.4290158296794428e-05 -2.5306867686980105e-05 4.8692122550098027e-05
1.5349301409332827e-05 -2.6366555943985182e-05 4.9718296645517857e-05
1.2962661643525655e-05 -2.7219404983945588e-05 5.0095147320960987e-05
1.1891902388546738e-05 -2.7188839779007074e-05 4.9603958472366205e-05
-2.9358997172648543e-05 1.6432421541251593e-05 -0.00016943601540964082
-2.9353380358719728e-05 1.6238424086766155e-05 -0.00016969041468188617
-2.9352700226072857e-05 1.6385920738411892e-05 -0.00017032849137224582
-2.9376836909444129e-05 1.6251170256984838e-05 -0.00016980797181886942
-2.8306767983061337e-05 1.6681662785891435e-05 -0.00017020470048859093
-2.8320375589026975e-05 1.660967287893389e-05 -0.00016951189517702692
-2.7742805994046549e-05 1.6903977328341924e-05 -0.00016958040920034279
-2.78074602393652e-05 1.6926996604485142e-05 -0.0001698111275469788
-1.8102723649139184e-06 1.9845060563322692e-06 -3.2113689615975716e-05
-1.3004685922116143e-06 9.1844787526718097e-07 -3.2972707606049312e-05
-2.062055981709172e-06 1.1733872055862083e-06 -3.3873664471405218e-05
-2.5505972775362209e-06 8.7518887159632186e-07 -3.3277654570618154e-05
5.8389936309431083e-05 -1.5329001666690998e-05 4.8854755485105983e-05
5.7446598439769153e-05 -1.5534191105111977e-05 4.718576039003386e-05
5.8489089652035472e-05 -1.4065088322470602e-05 4.7552750874424454e-05
5.9577923404361983e-05 -1.5563460678487883e-05 4.8254805817021795e-05
-1.2101548826424341e-06 1.3872262020807671e-06 -2.4761488373936658e-05
-1.1757145009054504e-06 1.246289813322532e-06 -2.4252356994346191e-05
-1.9601051501344914e-06 1.1270988803949384e-06 -2.5875357427818102e-05
-1.8670226865942084e-06 6.6101796686313108e-07 -2.5188569946852507e-05
-3.2864509781081757e-05 5.1516841810353507e-05 4.6873545656828108e-05
-3.3497169727937333e-05 5.1404931085567923e-05 4.8891582911630982e-05
-3.2422771586132493e-05 5.2543364733829891e-05 4.8576845303849314e-05
-3.1748821080813619e-05 5.1617964222629154e-05 4.7052442428724417e-05
-3.2164875978793082e-05 2.025673869196303e-05 -0.00017053292698374078
-3.2601426882161721e-05 2.0171343282429643e-05 -0.00017030141240419183
-3.2046885275526454e-05 2.075328290736863e-05 -0.00017032193068300394
-3.1614192293361043e-05 2.0334539884148128e-05 -0.00017028527581196273
-2.4470528346086894e-06 6.2964321753320156e-07 -2.8107356738527045e-05
-2.7208258420698605e-06 -1.47255574400873e-09 -2.8441642102361442e-05
-1.2373718333544325e-06 1.4938068662783072e-06 -2.8575930189393695e-05
-9.4840897616084441e-07 8.3441294179698033e-07 -2.8436583968005635e-05
-7.617665477254861e-05 1.287997378073239e-05 4.7353042305575688e-05
-7.6907073494368768e-05 1.239223680370408e-05 4.8345522366238791e-05
-7.9278681231017976e-05 1.1925574857866474e-05 4.9550673342696472e-05
-7.8647174019702559e-05 1.0713639609735703e-05 4.7661069567966896e-05
-3.4063437667526978e-05 1.785976300145483e-05 -0.00017016895820666511
-3.4315559079052625e-05 1.809387158311531e-05 -0.00016973013965906891
-3.4395520088186844e-05 1.8126366685633499e-05 -0.00017048548732881419
-3.4044050320872958e-05 1.7838915244539066e-05 -0.00017038521834726594
