2.9101079431978483e-06 -3.8807496794898699e-07 3.7374210852317985e-05
1.2209455138322434e-05 -3.6690611040131676e-07 -1.1159502468107547e-05
2.286707924093476e-06 -3.9819776959798547e-07 3.4121266815900775e-06
1.8200198573688209e-06 -2.0214728432832452e-08 9.898479634999624e-06
4.6116407709715073e-06 -1.6393291370252541e-07 1.3004057801705967e-05
1.6744739970899619e-08 -8.7421268049918052e-08 -6.7386537658011003e-06
-8.4394496536097617e-06 -1.5230747305098176e-07 1.2441609671605706e-05
6.0605254684695242e-06 4.6186386753983231e-06 1.9142932350432089e-05
4.9785274052727667e-06 -1.1533318467274456e-07 -9.5461919389361327e-06
-2.1891227326214721e-06 -1.3321724698034604e-06 -9.2329684415323396e-06
-3.2356665124572918e-06 -5.1676305464765093e-06 -3.9632019171002841e-06
4.9306716374363359e-06 2.9642894522496248e-06 8.4187627812665894e-06
6.8935079029144994e-06 2.8905951805662574e-06 7.8832316938552693e-06
-2.5202219369460307e-06 1.2359776171637197e-06 6.1963689380536979e-06
8.5534192332527249e-06 1.3136422988111948e-05 -1.9004557238358737e-05
6.2036036113585769e-06 -5.0902094297232317e-06 1.9234415932423187e-05
4.9536496674908431e-06 -8.0406315901781177e-09 -9.7856659919855205e-06
-2.0937284280200461e-06 8.193499941370184e-07 -9.0068713203116796e-06
-3.3520067468012288e-06 3.5837831364796385e-06 -3.3521853159343418e-06
4.8692568636367621e-06 -3.2425751348679198e-06 8.4536836118974043e-06
6.5857526563671684e-06 -4.3914026234974412e-06 7.6060820786982841e-06
-2.4401817323076256e-06 -1.4684893045423253e-06 6.1330038006977838e-06
8.6913320359316426e-06 -1.4422082859120652e-05 -1.961018756145203e-05
-1.0919845567264937e-05 -3.4018917869846343e-07 7.0438425613052105e-06
-8.7494326913434284e-07 -7.2027165141279673e-08 -8.9452026178701849e-06
-5.5147872726330188e-06 -1.7364765257698781e-07 1.362116857879102e-05
3.7396242778106516e-06 -1.672948281798009e-06 -4.0699565570102847e-05
9.5725720927473164e-06 -1.5273401146148648e-07 -1.8813428012342051e-05
-7.6158874124168663e-07 -2.1391900529245844e-07 3.2753590280334977e-05
1.499871553314186e-06 -6.0078363715767441e-08 8.191215437162308e-06
-4.4850291317124862e-06 -4.7184091055054583e-07 -3.6600745447314467e-07
4.2158559127669984e-06 -1.7035264417762739e-06 -7.5533451272591368e-05
-4.407417492626603e-05 7.2778154765152855e-06 -4.7100237816066759e-05
