2.6771064996956627e-05 -4.6021721979927488e-05 2.1225199795083406e-05
4.5470425930397001e-06 -1.8030799902834049e-05 4.3196770812326413e-05
-3.4500005969389071e-05 6.1315235979970961e-05 -5.8238737094189023e-06
4.630867130151102e-05 -8.4122071442871427e-06 2.8233209396294912e-05
3.0797311072305877e-05 -1.7081339601211689e-05 5.1215115651141296e-05
-1.904953282760944e-05 3.7478627256342214e-05 2.3931517035672995e-05
7.2264788224314647e-05 -1.4215193061389587e-05 1.663563553546939e-05
-2.4077786453437916e-06 6.0592535859883313e-05 2.4933108043117842e-05
1.2993229221570257e-05 -4.1419331159246731e-05 -5.3889190936014502e-05
-8.1709696190031012e-06 -2.8999089853369575e-05 1.0826983518011628e-05
1.2023999937630854e-05 -2.552508411306577e-05 2.7937396370998971e-07
7.9834205528739767e-06 1.2060194762377764e-05 3.9951834667870285e-06
7.0163117404367572e-05 -2.0814892855801847e-05 -2.1647715139181452e-05
9.8446833483506252e-06 1.159497513396698e-06 1.9240711754962055e-05
1.9728338934685112e-05 -4.1959374997128235e-05 4.1118668750966206e-05
4.9801455538598521e-05 -1.4713319856082124e-05 6.3224203511167299e-05
1.0643286032083719e-05 1.389721434480809e-05 2.6104942534568073e-05
-2.1756976721064257e-06 -5.8259498786350505e-06 2.9547909166781784e-05
-4.1385433550561457e-06 -5.895474166042351e-06 2.7039311126019015e-05
-2.4257771249159015e-05 6.9937446677964532e-06 2.8046436824382109e-05
-1.447875387680566e-05 1.5180573844100764e-05 -9.9053713558737259e-06
1.7150088808648434e-05 4.2455940983954221e-06 4.1656861965431047e-05
-4.620389614840416e-07 -1.5347662605798816e-05 5.5821374545293821e-05
-7.2640411249401404e-06 7.5332416626938681e-07 3.3918346793109389e-05
-1.3151106481383244e-05 -1.2974843734997249e-05 2.4239000219840757e-05
-1.3305440442229477e-05 1.095278038388452e-05 4.5648926172512077e-05
-1.9349071527485859e-05 -2.3039781938349012e-07 -5.0131153211722089e-06
-2.1790685354947104e-06 -9.5563724665237437e-06 1.2074493005110199e-05
9.8570420662309755e-06 3.0409547019574074e-06 1.6083136174540897e-05
1.2013027805152232e-06 -3.8607403501366995e-06 6.6681572763811932e-06
1.0123417509861656e-05 -9.2231205869319766e-06 1.6504657312958488e-05
1.4366145222053706e-06 1.2605678148420454e-06 1.5038758243840749e-05
1.039540427629057e-05 4.5596366975847458e-06 9.9382165942517829e-06
2.0602460372900599e-06 3.6652154762617517e-07 3.6204094424679197e-05
-1.9905887474849218e-05 -2.8050711857515592e-06 -2.3152359630035629e-05
-3.345990959723982e-05 -3.3864209839421004e-06 -2.3905970193491364e-05
7.6297648491730277e-06 1.7093442865271508e-06 -1.9957325054098789e-05
1.8375172445271271e-05 -5.5979586320356477e-06 1.1281225525028478e-06
-2.2509013779552136e-06 -7.6596605158806268e-06 1.9513368273113476e-05
5.5157980580698956e-06 -1.4467342194133918e-05 -1.3889159522800353e-05
-2.9650348790737753e-05 1.1115847473553916e-05 -9.9784801324857494e-07
1.577765189999771e-06 1.4229556978199824e-06 -1.3737987318299377e-05
-5.018476149811716e-06 4.0250388517598656e-06 2.3407863464938467e-05
-1.5154480536337045e-05 -3.9763368349054782e-06 1.7270095766064569e-05
-2.6548851266072759e-05 2.7871596728283599e-05 2.3846053312658218e-06
-1.0589334695299446e-05 -3.6584140443367101e-06 -1.5680836785779244e-06
-2.5549813796600554e-05 -4.5588725672220283e-07 -2.4743416835401079e-06
-3.2739860682721002e-06 -1.2450675650572604e-06 -2.2741920345021715e-05
-3.4015102933917378e-06 -2.6855778613276419e-05 -5.2867878002466583e-06
1.1621217405522691e-05 3.0001731924980679e-06 8.4022179823194966e-06
5.3036827848574692e-06 -1.7364335236358386e-06 1.0559840859666013e-06
-1.61597553168299e-05 -1.5976368370690299e-05 -1.6306430410820919e-05
-1.8868157634159838e-06 -7.4008759725756252e-07 -5.8098723504417318e-07
-4.6284425732354266e-06 3.2414977555970015e-05 -4.1525857373633183e-05
-1.495199791978763e-06 -3.9317934066307458e-06 4.4238008926758901e-07
-8.6929046044636332e-06 6.8453104590041058e-06 2.8610380821332028e-06
6.631295511986407e-06 2.2966639240916409e-07 -4.6033813167335562e-06
-1.5480621756377294e-05 -1.4762758282145874e-05 -1.4092050153540446e-06
-8.8244718271495271e-06 1.2897979078663191e-06 -2.319243471114122e-06
5.1720329661175853e-07 1.0926303193790465e-05 -2.0161297750363304e-05
-4.382970444232609e-06 3.001131995192946e-05 -1.5917018502602069e-06
2.6081950451374569e-06 -1.7483140099666672e-06 5.3622620839162763e-07
-1.5051756744981215e-06 -3.5391518379696008e-06 -3.1110464684844848e-05
3.0463190674859253e-05 4.4096379779538092e-06 -9.7006347161798616e-06
9.3623849966965877e-06 -1.8499028284310604e-05 -2.7482616275914095e-05
1.8973906936508786e-06 -2.9928130922118878e-07 -2.3438677260386852e-05
1.7319834617762937e-05 -1.5830892486690118e-05 -3.1314729351656061e-05
2.986138031528876e-06 -4.7268465736514942e-06 -3.0463681976451978e-05
3.7852801018312121e-05 -1.2159645460585455e-05 -3.0562351319751973e-05
6.4653091189788779e-06 -3.5422921398076124e-06 -3.6490183497907541e-05
-4.6247146426400423e-05 1.0251235090670205e-05 -2.4851524686136332e-05
-1.9161940758467833e-05 1.147978122759824e-05 -2.3318790909227904e-05
-1.4260496856093041e-05 7.8781369777427418e-06 -1.7314755154177516e-05
-2.0149147679478607e-05 1.8467939988664716e-05 2.2173339333013842e-05
-3.6403767677776339e-05 -1.0792890383960058e-05 -9.6999499421962076e-05
1.3295293664405809e-05 -1.8632586572495417e-06 -1.2562065276768616e-05
-2.2210438387574308e-06 2.1218836878778013e-05 -2.9353788709686728e-05
1.6423361638383954e-05 1.6793705813866744e-05 -3.5364355293775272e-05
2.7079030337689991e-05 -1.5130091716622496e-05 1.1062170676436577e-06
-3.9164193447066044e-06 1.8829073921249051e-06 -2.7816791326993034e-05
1.3974932418155204e-05 1.4510356294969353e-05 1.0248652863504605e-06
2.3861028949164051e-05 -7.1343999332721037e-06 -7.3902877619567552e-05
-3.6438149723519789e-06 -2.7797901723570356e-05 -4.8154434128880753e-05
8.0930111219035608e-06 -1.096121315047327e-06 -2.2292269729087735e-05
1.9900664233235034e-05 6.36083391203357e-06 5.1678110012613482e-05
6.1902855009272548e-06 1.5676925725106872e-05 9.7529494447992811e-06
-9.060306022184994e-06 -2.7056536514233342e-06 8.4835101798780461e-06
9.21821742050008e-06 1.1140832034781112e-05 4.2483694624878294e-05
1.7571148556352195e-06 3.2325649565387304e-06 5.2416934975642055e-05
2.142869693652627e-05 -1.6476176625077488e-06 5.0442523564783476e-05
1.1848837717923742e-05 -7.2171057525420405e-06 2.5730785886868019e-05
-7.7972152720201873e-06 4.327354099871103e-07 -1.310550890351158e-06
-4.9278465229143226e-06 -2.4757441652819602e-06 -5.1806714276218628e-06
1.4211654196881159e-05 1.0940197021636067e-05 8.7596962401047425e-06
1.6240940905116577e-06 5.6070063715974252e-06 2.5136725242562875e-05
-8.0784863910631371e-06 -1.2060128866357868e-05 1.4449066593040256e-05
4.3027025499742244e-06 7.7738840340915716e-06 -1.27771976691669e-06
-1.6420511692473612e-05 9.2747849291014046e-06 2.9762421296812992e-05
-7.2852346456563077e-06 -1.0829808392894685e-05 1.5465066805921569e-05
-6.520223033561548e-06 -3.647352502959833e-06 2.357159795858977e-06
-1.789436560553924e-05 3.2392192916719936e-06 6.7684051183948719e-06
-8.7069531505747783e-06 -1.1788647181269069e-05 1.771224960322006e-05
4.6662315082712791e-07 2.8522047741431911e-06 -2.3732435513925104e-05
-2.3232988617502733e-06 4.3829323078683168e-06 3.0817533691299311e-06
2.3457449855948664e-06 2.1164142919409545e-06 -9.2157558896871321e-06
-8.3089802421111711e-06 2.3979100570814082e-06 -1.8725267732659211e-05
-1.7201445020927769e-05 -5.595037799368402e-06 -7.1074029993688052e-06
-3.3157957795570958e-06 -1.1557311394433389e-06 -1.3861681265009678e-05
1.0786714383908408e-06 4.4443407191119277e-06 -2.1985787635590403e-05
1.2712538224698977e-05 2.7047557013687874e-05 -5.179976086673848e-06
-1.5770395995373665e-05 -7.9582760703113264e-06 -9.8801125679131956e-06
-1.0101546516099943e-05 -3.9300261682612136e-06 -2.2782152395043036e-05
1.0234457895608173e-06 1.3942365288538427e-05 -2.2597423446287217e-05
-1.1381955113574579e-05 -6.5462203860805479e-06 -1.5021927195160972e-05
9.4443097310714652e-07 1.7422663352445467e-06 -1.0227697080515945e-05
-3.359776501165903e-06 3.0802677168737663e-07 -2.3616605824186131e-05
1.7217267474858486e-05 7.7709864520769667e-06 -2.1145997711659575e-05
2.8225578815459214e-05 6.6404086805101528e-06 -1.0700290641426063e-05
-1.3902655456504709e-05 -1.87264421668068e-05 -1.8467427020187315e-05
4.2710307285108548e-06 6.3914940645268259e-06 -3.8453189370814527e-05
-2.9876739562239435e-05 2.6021655679706046e-05 4.6356140269232862e-05
9.6341526858480242e-06 3.318462334631761e-05 3.5010617099687572e-05
-2.5446305563676941e-05 -2.4774174096634655e-05 6.4893271674495295e-06
4.1654868963760666e-05 -9.1814616192172765e-06 2.3321077868379905e-05
3.7697137774128642e-06 -9.0994800497068429e-06 2.4669890599656255e-05
-2.2539060139353786e-05 1.5274703982882137e-05 5.790484017694289e-06
-2.7778821699379062e-06 1.3404255892487114e-05 1.2287068812266363e-05
-1.0321529650611332e-05 -2.4097921427376073e-05 5.1283676000008632e-06
6.4522505126079436e-06 1.2435635992004597e-05 5.5903611334059272e-06
-1.1816041859039452e-05 -2.3594369140884789e-05 -7.0964460749060182e-06
1.1642602745353704e-05 5.2297052848639721e-06 -5.8431543397321345e-06
-8.0431559055598421e-06 -2.7737519125814285e-06 -8.8304321153396398e-06
7.2386444340417347e-08 2.8809665327665006e-06 -1.6710582643268343e-05
1.8833339469045485e-06 -4.6609986958002386e-06 -1.5071723439180271e-05
8.1853888671243029e-06 3.6457488237218172e-06 -2.1622368434183123e-05
-6.861336654715648e-06 -6.5712600383727811e-06 -2.5572240496563384e-05
1.980926580408271e-06 9.8476255981361227e-06 -2.4810008375638834e-05
2.8144627082764967e-06 -2.6793502378138004e-06 -1.2157150383598422e-05
-1.5489643364561103e-05 -1.884816638892577e-05 -2.6054975210314593e-05
1.1803606404953496e-05 3.2602367400571836e-07 -3.1327521660394833e-05
-7.4454872403470485e-06 1.1797772594412947e-06 -1.6736597576531495e-05
1.0268571273078231e-06 -1.3303596226582962e-05 -4.5179889370262558e-05
1.408993047740531e-05 -5.9804680654324677e-05 -2.1815988791184029e-05
-1.8951634264044215e-05 8.3655224564349942e-05 -1.7954349531017558e-05
1.2891738397635688e-06 3.0630334552000926e-05 7.1649386841691511e-05
-6.3539945955870536e-06 -1.2128405981762236e-05 -4.5382897233400485e-06
2.5007260840002876e-05 7.8414299009843536e-06 4.8719875309730966e-05
1.016353667840364e-05 9.2791900168087693e-06 9.2452035521531709e-06
-3.7595477865351098e-05 -2.0843225001718202e-05 2.566799012226114e-05
3.4021030572272543e-05 -1.890452723185207e-05 6.817236958773891e-06
-1.0865995500632109e-06 1.8338254250173554e-05 3.1149058994304514e-05
-8.9285552823314615e-06 -1.0031741833135908e-05 1.4133049922774622e-05
3.574514647297633e-05 5.8806210738032716e-06 3.343578341933641e-06
-9.7948056340946277e-06 -1.1427418316653504e-05 -6.6744604481977152e-06
4.0041223142300852e-06 1.392801788427378e-05 1.0538216397689738e-05
-3.7223307931953664e-05 6.2060211595757475e-07 3.6397481792471882e-05
1.7039678684158946e-05 -1.1312258514686413e-05 -2.4484137329302408e-07
5.3658131826609321e-05 -1.6431617860506778e-06 2.6604579244430583e-05
-2.9335636465205317e-05 -2.0936034730703601e-05 5.4838178321422494e-05
1.923163939235769e-05 1.6715022168727742e-05 -1.3461516208566546e-06
-5.4371955785989523e-06 -5.0500349725486615e-06 2.9115396705720921e-05
2.0023836565841863e-05 6.1500258864317925e-06 -8.791094085621419e-06
1.7147281267206049e-05 2.5990010960486032e-05 -3.6002602198269805e-05
-1.585410532929394e-05 -2.625577810039248e-05 3.8455580132227586e-05
-2.4311837965313192e-05 1.6646507301248904e-05 -2.7837197873160739e-05
8.2393488781834501e-06 -6.9987219288511482e-06 1.1851683658360181e-05
-1.6913381577776665e-06 -3.0105966123690486e-05 -2.2417760115905384e-05
-2.5953283626018071e-05 4.9885803671788354e-05 4.0008765856999577e-05
-1.858987874944415e-05 2.0948046503984491e-05 3.0364458995083866e-05
2.7739545788691152e-05 4.2504986728225669e-06 4.2140128757246591e-05
-3.9401704579860382e-05 2.7452766433898519e-06 1.9305644642851096e-05
5.5011612430013596e-06 -5.2290366386320564e-06 2.7362984502316869e-05
2.1171174559242445e-05 -2.6462530026402642e-05 5.5899036030857864e-05
-2.1500313984859631e-05 -2.5446620811424986e-05 3.6643967614583342e-06
2.2022333687199414e-05 3.6770161817856195e-06 -5.0449655727207929e-06
-2.342240565150755e-05 -2.6573962239817561e-05 1.1658171356705195e-05
-2.1899974490595235e-05 -6.1423293897105991e-06 2.2301271188291186e-06
3.1497212274868446e-05 -2.5527465583458087e-06 2.1276202279666735e-05
-8.317634398395668e-06 1.1989094551564938e-05 1.5583863084409934e-05
5.5272612404649868e-06 1.5205583002747547e-05 6.0370071116704234e-05
2.5308803324429562e-05 -1.6999291346438475e-05 1.5743138428547625e-05
-1.3901665510629435e-05 -3.478747144458616e-06 2.9868155182911395e-05
1.2027819118513861e-05 -1.973535896843126e-05 -1.7506754508823073e-05
-9.73956183134006e-07 -2.0517133614311733e-05 -2.7233337539712098e-05
1.6374056932347281e-05 4.1747718818041513e-07 7.3168802292703818e-05
-1.3147712582158022e-05 -7.2906084583827108e-06 1.7067042440224896e-05
-1.943201015369711e-05 -4.0695865060526998e-06 3.3296468476143662e-06
-8.1115461872416078e-06 -2.3146978894772463e-05 6.705609353362986e-06
4.9395883178790965e-06 -2.0343205343869131e-06 2.8750005398404076e-05
-1.732341019932308e-05 1.2511246696086872e-05 1.2947068628741711e-05
-4.8158215331345171e-06 8.2249586489899782e-06 3.3543787620036493e-05
-2.9499068259782046e-05 -2.3826489782491703e-06 3.3393154190584397e-05
2.473653142105953e-06 -5.3978674509624902e-06 -2.5563595312415831e-05
2.6599462498493043e-05 -7.5241366236725171e-06 1.9018616560151011e-06
-1.52508616745676e-05 8.8805277678894595e-06 -3.2935215405491616e-06
5.4005970972831118e-06 -2.8968681146222201e-05 -2.7549564928031414e-06
6.3310757049787891e-06 -1.9138533204076519e-05 3.6998067442757e-05
7.8089080867678809e-06 2.9827156811827477e-05 2.9150022054997074e-06
-4.3126177889929451e-07 1.5916259159975965e-05 3.0148593852808749e-05
-2.5721110225029875e-06 -2.6795334843898733e-05 5.0657844316579284e-06
-2.6868021278519949e-05 4.5781072696288172e-06 5.4647832535164621e-05
-7.5956698525619253e-06 -1.4995995072771565e-05 4.1224728441127158e-05
2.1775267422419198e-05 -2.4403285777060968e-05 4.4173470356415924e-05
1.731528883544553e-05 8.5741804485839346e-06 3.5245767639011973e-05
1.9772742482762115e-05 1.9813828056020055e-05 2.9510691127813786e-05
1.1556818744908048e-05 2.3519221773070018e-06 -2.6520885994393666e-05
2.2461926078423677e-05 -9.5278883452537544e-06 4.0939887657903164e-05
-2.4103213980830596e-06 -3.4411478799969974e-05 2.1426778005651827e-05
-2.3362554385179952e-05 8.388900638658936e-06 6.3743871300874985e-06
9.7436811936652684e-07 -1.6413322111125377e-05 3.8940823767078317e-06
-1.3772233205269768e-05 -8.5752085571128012e-06 1.8425280974337412e-05
1.8781092127329035e-06 -3.54468636980243e-06 1.565152228898397e-05
2.6345692835036405e-05 -1.1017557317114651e-05 -1.2226354364954645e-07
1.5234254863022434e-06 -7.4077457204394653e-06 2.7656628837220178e-05
1.9907844458669222e-05 -5.0896107814391023e-07 -2.9320250324168726e-06
-1.0612522521161191e-05 -1.8984292910292788e-05 -3.1174455136603017e-05
2.2558730292256135e-05 1.2290946404092118e-05 3.1932310431402079e-05
-5.639945918234357e-06 -8.5383925788537485e-06 -1.2748175909618395e-06
-8.4760750804144247e-06 1.4217974575764236e-05 -3.4415401099904472e-06
2.3806720099557588e-05 2.6402757278415345e-06 8.4119367237548218e-06
-9.4790560318850375e-06 -2.3813746313459949e-06 -1.0805723871051658e-05
1.7512393478639522e-06 -1.8714287235207377e-05 -9.8642954380881095e-06
-1.8225766768732027e-05 -1.1193185368192637e-05 1.5846445573440039e-05
-3.055402699606751e-05 -1.3509978146745982e-05 2.1798210393651242e-05
-4.7302441802260509e-06 1.8829901727801523e-05 -2.9887929787280297e-05
-1.7211407511111276e-05 -1.2667385817830001e-05 1.3124864391007331e-05
1.4149633435094067e-05 -7.5765942192385083e-06 -2.0796459594183032e-05
-1.2827174342665282e-05 2.1431272341970731e-05 -1.1105826649249022e-05
9.1653652334435301e-06 -2.6629579136350223e-05 -2.0970635259736671e-05
-3.6563962053093313e-06 1.5828485936321413e-05 2.3742473317917186e-05
-1.0238789444164402e-05 -1.32881944364586e-05 -1.3895332421995192e-05
-1.0837233709710958e-05 -3.40824452374211e-05 -4.1374179662869923e-06
-8.4586270603925762e-06 -1.7788063447127245e-05 3.452735989061765e-05
6.0590880698596639e-06 -1.1083508147949339e-05 -1.2588077435481647e-05
-7.5249406075034164e-06 1.4451869077333063e-05 -2.5254034649534705e-05
1.1368179814853427e-05 -2.7286705128168158e-05 -2.8357092898444701e-05
-2.4719843393659902e-05 -2.1092675152774298e-06 -2.2584017215456463e-05
-5.852379333817549e-06 9.1401664136185189e-06 -2.9814734976786432e-05
-1.9745445012021856e-05 -2.4269598882905447e-05 2.2924133396010939e-05
-1.0963324455329909e-05 -1.8820291691579866e-05 1.7747147307276868e-05
1.8038064680798887e-05 -3.5786409775775729e-06 -7.9051016827072842e-06
-1.2802321287051777e-05 1.3519185080412832e-05 1.1105758129057765e-05
-1.0484147175415792e-06 1.8605851788797145e-05 2.4097705813582761e-05
-9.74964363746611e-06 -6.0425796837761808e-06 -1.0841590629252253e-05
4.5020570409999492e-06 2.7408189723847146e-07 -3.6614615463196817e-06
1.8965770702400464e-05 1.4206597808583132e-05 -4.4962063856220612e-05
7.6429879517052324e-06 4.0287360151755602e-06 5.090567709972911e-06
-4.0375596210839859e-07 -7.5612587197761844e-06 7.3758969723700801e-07
-1.3440229347538391e-05 3.1971226377991435e-05 3.7350149784274624e-05
-6.5851230128533e-06 -5.5992685541600418e-06 -3.1900128484509994e-05
-5.7343732659442728e-06 -1.3975183147996173e-05 -9.4308843876450901e-06
-3.4541036226243271e-06 2.4020236008781559e-05 2.0326029923087643e-06
-6.1824478496119717e-06 3.792501772778567e-06 -4.9689414705790004e-05
1.1534754593645058e-05 1.8654152869834739e-05 -4.308880789504442e-06
5.4512240954679436e-06 -1.4234291353804052e-06 -4.6854441745642489e-07
7.2952366911467614e-06 -1.8398153872820067e-05 -5.4941224422090477e-05
6.2625998542123652e-08 1.6211917397181324e-05 -2.3707737488400625e-05
-1.0296023188356479e-05 3.8946763998576469e-06 -2.517470333198487e-05
5.5923625059545179e-06 -5.2182900372871321e-06 -1.8008858193043452e-05
-1.4916983316331373e-05 1.0723548309027331e-05 4.8453763100567496e-06
4.1770375754424105e-05 1.012970034802935e-05 3.162280645990518e-05
2.2278820584907891e-05 2.1485891989183811e-06 6.8280526791782495e-06
-4.0566092458336368e-05 2.7968398931863835e-05 -3.0712978027526601e-05
1.7154512900471029e-05 1.5562545537320394e-06 -5.0203869225779428e-05
-1.0061847806636104e-05 -1.8887268276451818e-06 -4.5121394448801276e-05
-3.4107238927216788e-05 3.8236254839438266e-05 -3.4261444253980665e-05
2.7852794532572571e-05 -1.5205907506641526e-05 -4.3071185749875111e-05
3.3781297877420735e-05 3.0472190043998038e-05 -3.1390206536695796e-05
-9.6887218211557807e-06 3.4532088286328234e-05 -6.8324311649588763e-05
7.4761427595058151e-07 -1.578468795888216e-05 -5.6139763873932179e-05
2.3623458884625137e-06 -3.6752589676961045e-06 -3.9228698223924517e-05
4.0715282347558723e-06 1.1429220827516295e-05 8.5131821647857833e-06
7.0731237140631009e-06 7.4422868206192039e-06 2.537050390731023e-06
-4.3407894840127859e-05 3.8981860994713458e-05 -5.8405063962782208e-06
-2.0676219439918347e-05 -7.837311892799903e-07 -1.9654026957993155e-05
1.9718389800411953e-05 9.9640891564412373e-06 -4.6184070558409271e-06
-1.4288665847610443e-05 2.2679348825321117e-05 1.0682109816408276e-05
-2.2139802336518417e-05 -1.4306480069639052e-05 -1.4217721453712272e-05
-3.1754394406161919e-07 1.8455104848237418e-05 -6.0892218842172573e-05
3.4074792870042447e-05 -2.6257853971770051e-06 -4.7523389377328827e-05
1.2386333497126311e-05 2.833649739249211e-05 -3.0265313469058676e-05
2.2618567736939999e-05 7.5182860486309539e-06 -9.1901870108364835e-05
4.5860230353383935e-06 -1.1551254107303177e-05 -3.0991126802145351e-05
-3.3413433296679122e-06 3.6215018039652811e-05 -6.2506221897905799e-05
-4.3271985249115907e-05 1.092911466216151e-05 1.1508592701368371e-05
1.6982808367834335e-05 -3.8240204701604806e-06 3.0743570291085799e-05
-1.7547693567820932e-05 2.4845103967274795e-05 -5.3864051511100762e-05
1.620042870267499e-05 -2.8639962549564801e-05 -4.3306072802252842e-05
