1.9576063384142546e-05 -9.1481293434392263e-06 2.4167555678758501e-05
-1.2347555548793325e-05 -1.5430871040242856e-05 3.089759861681779e-05
1.2945674865744335e-06 3.2250796061004602e-05 3.0598076723294121e-05
5.6607381212500987e-06 -1.4439282713163415e-05 1.4094297479255724e-06
4.8918303125478069e-05 -9.6034767370091999e-06 6.2867069497197568e-05
2.0600234158621271e-05 3.2394919629030738e-05 3.090567698709433e-05
1.6170971762274194e-05 -1.9633851041173697e-05 2.6830942831904819e-05
-2.2334873074528194e-05 2.2337826707454975e-05 2.9352006785672569e-05
1.440871310868902e-05 -2.7031417421798792e-05 -2.8857095947135543e-05
-1.2631923656445099e-05 -1.4564761329931286e-05 2.1470011881914075e-05
-1.7097000172554383e-06 -1.8132497322974504e-05 8.0790214848425764e-06
-6.6422123297245146e-06 1.4221773150981901e-05 1.4190156518274766e-05
3.8797500819195076e-05 -1.9241626276447939e-07 -5.5629789745877817e-06
2.9559104731090302e-05 -9.6542121009267736e-06 2.5788011983275183e-05
2.5353662047408743e-05 -2.8431765836813006e-05 5.517069203593572e-05
5.3721294418091967e-05 -1.6795322391519735e-05 6.5868375011046698e-05
2.5428782744871606e-05 1.2271853426088809e-05 3.8141274964337702e-05
-7.6648528773083549e-06 -2.0479688891544834e-06 2.3565900800247944e-05
-1.2501801868403106e-05 -1.0928238449638399e-05 2.6852929206342899e-05
-2.0094224532410013e-05 5.9877952393073974e-06 5.2001682666016224e-05
-3.3919547804857342e-06 6.3500754560255612e-06 3.3679429849442499e-06
1.4376878310740082e-05 -8.277385316057817e-07 5.2791216355999038e-05
-6.4378186125663844e-06 -4.1162051030406432e-06 3.8109563328428755e-05
5.4675223570832543e-07 7.3396869805231191e-06 3.6753553858202836e-05
-4.7101182524947585e-06 -1.7029804186892861e-06 2.6413167214777946e-05
-9.0080661134320228e-06 -6.2901150693988293e-06 3.8020160505959372e-05
-1.0332726226958419e-05 -9.687975914812047e-08 1.2629876929348693e-05
3.5717216555763986e-06 -3.2596250290617412e-06 1.7023012501669529e-05
4.2943827320042482e-06 -9.0745425335939794e-06 9.1009656745973111e-06
3.7254042676154731e-06 -3.1333068196926574e-06 2.5237827784071326e-06
1.0091548885532778e-05 1.2255287484830291e-06 1.6198638527548798e-05
2.3931469982928265e-06 5.310224240095095e-06 9.3084334514165674e-06
3.1298162335813111e-06 -3.559055038696024e-06 1.5903133156598974e-05
8.7424197038159235e-06 3.5677295831398892e-06 1.9446201423621495e-05
-6.6320269874810571e-06 7.8659608423103586e-06 -5.7595036254418433e-06
-3.1825707550365019e-05 6.1403564082594021e-07 -6.4279976464373141e-06
1.7221478174479603e-06 4.588150346671125e-06 -4.1282006874639871e-07
1.2028022458324158e-05 -1.5385693783049242e-05 1.2985671619391439e-06
-9.6674840299618234e-07 -7.2661679300558418e-06 1.8906709912400036e-05
1.0652557218403369e-05 -4.8790446144683208e-06 -7.6519890044382533e-06
-2.6419493841633415e-05 3.1421457373764089e-06 7.5930459682969162e-06
1.0023131952337385e-05 1.0486721459354587e-05 -1.3665763668418916e-05
3.4296546052789423e-08 1.4851760958233678e-05 2.1942891791106728e-05
-5.6802878184376959e-06 -1.5451691653588886e-05 7.5380014889919891e-06
-3.2920164104062455e-05 2.5238287499472489e-05 -6.1128261591505972e-06
-7.3178460303072916e-06 -5.4963665928425788e-06 -4.174577857840589e-06
-2.3037851575818033e-05 -1.1914871671557872e-06 1.716331610656166e-06
-1.8272668034386981e-06 4.2409883137303067e-06 -2.55663787956939e-06
5.2369929154339009e-06 -3.3202864320122538e-05 1.1016770334075533e-05
4.379746886504568e-06 -2.8198179478008956e-06 2.5944200756491259e-05
1.439475789386716e-06 1.4520440125842526e-05 2.4249712464218323e-06
-2.7520870489446754e-05 1.7491578829680922e-06 -1.3252270935318107e-05
-6.8077975556712838e-06 -1.2739510650838493e-06 -6.2956954950546345e-06
-4.7510102126156338e-05 5.2390823757307997e-05 -8.0534572105443801e-05
4.233436752265618e-06 6.2384995085373873e-06 1.871943412134149e-06
-8.8816022926114808e-06 4.9257201409911894e-06 -2.4764019694416815e-06
-7.4390600228457782e-06 -1.2901949719512293e-05 -1.8219102644718987e-05
-7.6594638251069325e-06 -1.839009236667211e-05 -1.3732805498680584e-05
7.5252187862764645e-06 -5.4004239532223774e-06 -3.2237358198626672e-06
-1.0961395638583505e-05 1.1286917184136474e-05 -2.0064474580378552e-05
-2.6799792778465364e-06 1.4491206429920189e-05 1.0217538450336267e-06
1.3699421120321603e-05 1.3842703046648697e-05 -3.4556200947929994e-05
-1.5440354825597968e-05 1.2471075943147614e-05 -4.5450033202538639e-05
1.7858907436212046e-05 6.712719664257738e-06 -2.3394828366656018e-05
3.4794198074186711e-06 -1.158328597639785e-06 -1.9473207115691671e-05
5.9151351872177571e-07 -1.3823399118706448e-05 -2.1408682679871505e-05
1.8434547762307473e-05 -5.6679448787733122e-06 -3.6101803635123914e-05
-1.9360525208207712e-06 1.6924130440277234e-06 -2.4659547754506272e-05
6.546363293095242e-05 -2.2287066861886862e-05 -2.3507801686901628e-05
8.3242437385914e-06 -2.1097241936031408e-05 -3.2830845204773793e-05
-2.8052470947652646e-05 2.0049682981602979e-05 2.5422668926305974e-06
8.3467343490253865e-06 3.6328954910944122e-06 -3.7570847406048768e-05
-2.3590563782281693e-05 2.0996568708759461e-05 -3.9265272054862177e-05
-8.6059229849185628e-06 6.8187645446908214e-06 -5.926103684661399e-06
-4.8313744951466314e-05 -3.0334900477159768e-05 -8.4916315839816958e-05
1.3808449127422455e-07 8.819308978705114e-06 -1.8077377881902876e-06
9.0913168588567099e-06 2.3229694610601287e-05 -2.6305951486554286e-05
4.5883111811396982e-06 1.3625031315151609e-06 -1.8620855479849982e-05
1.8282587370212905e-05 -2.4452946259266584e-05 1.5908670204208832e-05
1.1097908070721758e-05 1.1025466091524327e-05 -3.7066904456095617e-05
1.8922681795786704e-05 6.1389646238700808e-06 -1.7532345924508891e-05
3.7690872746622096e-05 -8.6345435055951159e-06 -6.6160626037964094e-05
-2.7048037832456788e-05 -2.3901279392554015e-05 -1.7358401915408143e-05
-1.1784260961853615e-06 2.202870681466268e-05 -9.3686267284548922e-06
6.7171654212858783e-06 5.4853343731120496e-07 3.8543842689475749e-05
-6.9944610734317889e-06 5.6139411202527079e-06 1.2869064845147035e-05
-7.2137255600762673e-06 -1.3109530210719811e-05 8.8710505396216721e-06
8.6813546040613587e-06 1.4847955883724728e-05 4.4431623825461064e-05
1.5331634607153657e-05 6.3718595653822208e-06 2.5992410733630122e-05
3.1567829114488577e-05 -2.3752685592267134e-06 2.0417154661858845e-05
-9.5575020462417004e-06 -8.1247903825792424e-06 4.7943958237243837e-05
-8.1864304795221249e-06 -6.0853822445678871e-06 3.3165390761177361e-05
-1.4614440135476275e-06 -2.1541172226988668e-06 3.4731116917409433e-05
1.8923313361978735e-06 3.1793710717487045e-06 3.4226686032783709e-05
9.8805794110287863e-06 -3.5918047455966312e-06 3.4320879060467657e-05
5.7769563414415479e-06 -3.5782830090513054e-06 1.908089503153184e-05
1.0458979395805423e-05 6.7994463745640887e-06 2.1355246299538735e-05
-5.4265178017175175e-06 -2.8337774605267756e-06 2.1422240977566548e-05
-5.4688214964904169e-06 -5.4532813120160978e-06 1.9224708346545818e-05
-1.0753315721511933e-05 1.6792145782658363e-06 2.0773889086963312e-05
-3.4416123634951402e-06 -6.7271183230334375e-07 9.4882554590663301e-06
-6.8299823021335943e-06 -8.6162529212945038e-06 6.8743340058611928e-06
-3.0320835925148892e-06 -3.7476568798822107e-06 1.2660206067790711e-06
9.0212760979827e-07 -6.4602733670536192e-07 1.4852575692782602e-06
6.4005555035773209e-06 -4.0136382062454234e-06 -1.1032823701057759e-05
-4.8002798826557967e-06 -7.7966509299901303e-06 -1.3674902442993575e-05
-8.1870012811242898e-06 -6.8113945591447012e-08 -1.1114845871029832e-05
-2.1662262455757197e-06 -1.0312302240640669e-05 -1.4539243750462351e-05
9.2397676297092252e-06 1.1218262887104785e-05 -1.3263664730582547e-05
2.2178323652675275e-06 1.1728231937917569e-05 -2.3055817371001736e-05
2.1212653335943993e-06 1.1235537054586631e-06 -2.558271460162409e-05
1.1934857909283447e-06 -1.4243617060937658e-06 -2.9214486174947152e-05
5.4898496715249934e-06 4.1213029287612279e-06 -3.7307590217822845e-05
-1.557297853466838e-06 -8.7152465917533783e-06 -1.2643826200309238e-05
-5.2087627599728403e-06 2.0581147975134301e-05 -1.9707313558910491e-05
1.984087509612604e-06 2.4134660262877666e-05 -3.5631053082074704e-05
1.4103960168452027e-05 -1.8600271606994401e-05 -5.034723091534854e-05
1.3479514432096863e-05 -1.484325915307705e-05 -3.5510968958624156e-05
-1.3151679004314021e-05 8.5261681831289016e-06 -2.879993904626732e-05
-2.6176785331210803e-06 -4.0987557859400309e-06 -5.3049301503321766e-05
-3.3253592934479742e-05 1.6640415408390036e-05 5.2761557775806572e-05
3.1483640236910915e-05 -2.9529968410154511e-05 3.6448665141273345e-05
-5.6513597794863313e-06 -7.492303828678798e-06 4.1044877586222505e-05
2.973913574012832e-05 1.5511648027995151e-05 5.4584594679609258e-05
2.494953218690199e-06 -1.1317478122052638e-05 5.4864452871505875e-05
-1.4069488477034785e-05 1.6643528447617604e-05 4.5646838280344326e-05
3.3671668169232613e-07 -9.9091479359149858e-06 3.5172609312484888e-05
-5.0635264860774201e-06 -6.3560262951543184e-06 4.386697279912255e-05
-5.6487605778237282e-06 5.7922158982048194e-06 2.5600396929509415e-05
9.674485621317128e-06 -3.3909572461957548e-06 6.7160075698778111e-06
2.0046472679262177e-06 -7.1699794301799836e-06 2.5290090007687471e-05
5.6385952117413065e-06 -6.9224094762822264e-06 1.6894246860310342e-05
-7.1787274602344575e-06 9.2519156099767769e-06 -1.4076356190512434e-06
-5.5616993684125168e-06 3.0478716882477875e-06 -2.3200614533130351e-05
9.9671095141538299e-07 -1.3239276255802915e-05 -2.0031470334638015e-05
2.4054632231243836e-06 7.9856193614965913e-06 -2.5153397170305143e-05
1.0329183155521893e-05 2.6588843536901052e-06 -5.3856174268454397e-05
-7.6576052616925431e-06 2.6073364359745221e-06 -3.9115826919135753e-05
1.7034198507848153e-06 9.045479969515581e-06 -4.4435099723572936e-05
-6.6957567095523619e-06 -3.0310891428324575e-06 -4.759641941659413e-05
5.5142451091030192e-05 2.446805351914369e-05 -6.5320970344954349e-05
2.9545776610347824e-05 -1.4519126384674591e-05 -2.8947143792652785e-05
-3.2641529980503847e-05 -1.3904873603851065e-05 -3.7867127694098807e-05
-5.9694780196365658e-06 5.7286468710393557e-07 -5.8982893873943328e-05
-1.1778987591776202e-05 2.8438713563172513e-05 3.6361703578330091e-05
2.942159669551761e-05 -1.9259295110166108e-05 -5.6696018536084303e-06
2.3666116075023169e-05 -3.623236023077292e-06 5.7543998273179575e-05
-2.1018757993956916e-05 -5.865600032420315e-06 -1.2681814449772011e-05
-5.8058302899802183e-06 -8.0295315143114054e-06 4.5303741826809694e-05
1.1760756218313212e-05 -2.3886777448385924e-05 1.3380736316933868e-06
1.5116633332529564e-05 2.1246958980327812e-05 3.4064538574879455e-05
-5.3862961449119978e-06 1.5703563105590092e-05 4.0427967409439121e-05
3.0633414788733271e-05 1.9960342324543134e-06 -6.170138022149052e-06
-1.1869366701389161e-05 -1.3519856223234705e-05 5.410428412969126e-06
1.0990144800451795e-05 2.9382034526417855e-05 1.7174204665897086e-05
-3.1351597305584109e-05 -7.6052093352131644e-06 8.6368037946708137e-06
2.6338687346974142e-05 -2.135859768155466e-05 -1.6510330249881969e-05
2.5062254157511014e-05 -3.6711033167625176e-05 -1.5860344065657395e-06
-3.9424282325534188e-06 4.2741021605841034e-06 3.2356778823225407e-05
2.3677623640875145e-06 -9.8294756224219371e-08 -1.1482069871243119e-05
8.4121847340468126e-06 -1.6116954694507524e-05 2.9160977575715119e-05
1.8196838676508287e-05 2.8804651751510729e-05 -6.8983088353583022e-06
8.1217182744952598e-06 1.9529144502622442e-05 -2.2863676850656822e-05
-3.258754597015856e-06 -1.3907415836116044e-05 5.076969567013867e-05
-2.3500251552356719e-05 2.1402886334282237e-07 -2.5422167569762958e-05
-2.1111868430429004e-05 -3.1235750250942218e-06 2.8097438628832405e-05
1.4943673446426997e-05 -1.918153406309589e-05 -1.5329467839613707e-05
-4.1917552825879081e-05 3.0992546054618708e-05 1.9629844436257597e-05
-2.8629170807616816e-05 1.1242593743823054e-05 3.7789675144464518e-05
2.9606762565361514e-05 -5.7827086290609953e-07 2.7236079137606321e-05
-3.0877004314704528e-05 -2.1484750857462902e-05 -1.4858934443367786e-05
2.3074906298839459e-06 -2.5012506861182837e-05 2.6522614090460084e-05
1.1136497243019461e-05 -1.1489889818064661e-05 5.1748575028306987e-05
-6.6951557960576169e-06 -5.4470343588894354e-06 6.4227630086899357e-06
1.7125213971513897e-05 -9.524430841997833e-06 -1.6072773739828072e-05
-1.4918889393436552e-05 -2.4582226956143538e-05 -1.2269250036459067e-05
-1.5409570160415274e-05 -1.5800038784749559e-05 -2.6786661169720533e-05
1.6317471861679029e-05 1.2306922558907862e-05 4.5007781320763389e-06
-1.5383356090491185e-05 3.9570740120453696e-06 2.2186039267679813e-05
1.9778045493877572e-05 1.4297176257588307e-05 5.6404537184872455e-05
1.420097975294645e-05 6.3355871045374032e-06 2.0828593472527711e-05
-7.2775274257697031e-06 -7.5016995970123013e-06 3.5640097789500433e-05
6.067115699430088e-06 7.9564330368325628e-07 -2.5348290366124579e-05
-5.7870290535722013e-06 -3.2984135135527559e-05 -2.0037834874940541e-05
5.745452860889122e-06 -2.2739180192410391e-06 4.3739655687796697e-05
9.7244455855813874e-06 -1.6461711572253962e-06 -8.0686124933889385e-06
-1.7237116390081408e-05 -2.6227817120525951e-05 -3.428017583684273e-08
-7.560049998599274e-06 -6.4937793501224084e-06 -3.1203390007271316e-06
7.0586006855244103e-06 8.9563681507983432e-06 1.7993161732546737e-05
-1.9983145920976286e-05 5.9288941420641748e-06 -5.1619856610020907e-06
1.1967414443154155e-06 1.1446356002527179e-05 1.522626181571507e-05
-2.1391351932159575e-05 4.6175235495892614e-06 1.6129992021246542e-05
1.0459869002328102e-05 1.4812837681232871e-05 -2.3174068412911992e-05
3.1069752611107004e-06 -3.2368886472983194e-06 1.7427814770472425e-06
7.9089951833399711e-06 -3.7408815479790525e-06 -1.8184056814404825e-05
9.2051807447541829e-06 -1.3307093534773405e-06 -6.4143125202934404e-06
-6.3335188824065192e-06 -1.0579184168781064e-05 3.4836827258639957e-05
2.6468726990651684e-06 1.6464528101479102e-05 9.9508781027746949e-06
1.4381642848448895e-05 1.4544865537327589e-05 3.6088609183453774e-05
-4.1981097001903001e-06 -1.253670139618468e-05 -5.6318802481580832e-06
-1.0098945997738529e-05 -1.5122599225231292e-06 3.424898113584679e-05
-2.4102249649238586e-06 -1.3782555507578655e-05 2.9711859008799829e-05
2.8253787530366226e-05 -1.0129062092051333e-05 2.5003773961296098e-05
2.0952672929487604e-05 4.6234868030653464e-06 1.8942555585741566e-05
-8.8781585924062282e-07 2.7069584436448246e-05 2.7002166754480805e-05
1.6153096561480687e-05 -5.813661032717625e-07 -2.5587590815995015e-05
1.5506714834023771e-05 -1.656877835930215e-05 3.2642561283220684e-05
-7.5707519475026741e-06 -1.9670972914886953e-05 1.5946942895722627e-05
-1.3993637032368658e-05 3.8315858710236576e-06 -1.1282205294617164e-05
-7.0226267508228732e-06 -1.8331354561676796e-05 6.4226614319880249e-06
4.8527251045454856e-06 4.7998814539096379e-06 2.548266500654317e-05
3.2183771799254579e-06 2.9515544367475499e-06 7.0876521049262608e-06
6.0250544503120951e-06 -2.1804207309992357e-05 -1.2217426373417606e-05
-7.6862452592640906e-06 -7.6013626852562688e-06 3.2591973087511827e-05
1.2566957286914981e-05 -6.8165589418717198e-06 -6.9255027387304935e-06
-1.2075564245929716e-05 -1.1415093986957751e-05 -3.4855111740561551e-05
1.258901718337313e-05 8.2458911819446867e-06 3.7211533398584518e-05
-2.8226296953981489e-05 1.1136937384359502e-05 -1.8528054962219098e-05
2.4628485165397842e-06 -7.4114919004081292e-06 -6.8117954734742137e-06
5.4122459660563282e-06 -2.9552344802119546e-06 1.9442983281853232e-06
-1.8787566939784928e-05 1.2164342645104077e-05 -7.7101765106855902e-06
8.1744127271777619e-06 -6.7614133095542095e-07 -1.7916578737228045e-05
-3.2298719813840526e-05 -2.5375548926818287e-05 2.7031073899785873e-06
-1.8460197951431759e-05 -1.5466625884155705e-05 1.9699169495013269e-05
1.0458205811206267e-05 1.2612203244749542e-05 -4.7133233510091022e-05
-3.2129287538026907e-05 -1.2955312334320124e-05 1.0761306205087084e-05
-2.5465349907730084e-06 -9.8728102703726783e-06 -7.1756899348805194e-06
8.0225759726548773e-06 2.2936017308627932e-05 -3.1789771717281173e-05
-1.0975197050395839e-05 -1.7135563158354739e-05 -2.5225167157523314e-05
2.5509061049380777e-06 1.270053034054322e-05 3.676256993470628e-05
-2.1931513874856957e-05 3.7268027434452309e-08 -2.0809535987104015e-05
-1.3132875180295323e-05 -3.6982429366477776e-05 -3.2169577504001512e-06
-1.4901872172790043e-05 -1.4401544630282537e-05 1.684295944735098e-05
2.3326085840782995e-05 -7.7965219420148002e-06 -4.1094554441720166e-05
-2.1911614330655249e-05 -6.5036865788924147e-06 -1.7979131201530107e-05
3.3039670182272857e-06 -1.6345653528178697e-05 -3.8178858036627683e-05
-1.9086825303701871e-05 6.3415679246725531e-06 -2.2349766314253006e-05
-2.0622290318528515e-06 6.7238333838864331e-07 -2.8238265524893613e-05
-2.0525450671798895e-05 -2.5999113738805341e-05 1.6955527418788252e-05
-7.2304911829627894e-06 -1.7116232672965276e-05 1.8978546372977467e-05
1.887524713243062e-05 1.1439295062595257e-05 2.3448851292013739e-05
-2.324199842832636e-05 1.5631590219916669e-05 3.1043897877003346e-05
1.0854102245577701e-05 2.5239849784800504e-05 9.2088020732031262e-06
3.7546190683919456e-06 2.4930136826174787e-05 -3.2122500598611922e-05
7.7124374713334152e-06 -6.8321194732540387e-06 7.6433880047965808e-06
-3.8074799185994213e-06 9.4068660652646408e-07 -3.0793309143323233e-05
2.4958381957072145e-05 -5.1777718918328761e-06 3.85583188551835e-05
7.9766188366171831e-06 1.0059591225700104e-05 -7.3941714716016516e-06
-5.4836039306500385e-06 1.995734293295387e-05 2.3129820032372073e-05
3.5810635709287997e-06 9.8015646510518639e-06 -5.0937483616204168e-05
-1.1548634556751876e-06 3.7877051475565526e-06 2.4964561296372595e-06
-3.6309924613120437e-06 1.3004636383123769e-05 -4.5670784021081823e-06
-2.6417090930236364e-05 1.5441361872897685e-05 -2.6270106025376525e-05
9.6181556145241709e-06 1.0254554979563513e-05 6.5327984709803721e-06
1.01936809999148e-05 1.088073360562547e-05 2.1054490034674438e-06
-1.2206160243739134e-05 -3.4905720850611846e-05 -6.1388131815977298e-05
-1.7941046148622274e-06 3.7959774615655487e-06 -2.9386340102688369e-05
-1.9296410251301443e-06 -1.1643004453887329e-06 -3.3809686829172625e-05
5.591083452882728e-07 -2.1753110665684305e-06 1.4962842570673263e-05
3.8505217261584901e-06 1.5232075558493929e-05 -3.2296006910043085e-06
1.8886097972951876e-05 -2.9687931136241491e-06 2.4977308739851638e-05
8.0597384030968444e-06 1.224245013060378e-06 1.6042033787522225e-05
-3.3968058055454084e-05 2.1509925002970477e-05 -1.2327916179006053e-05
1.4651314988690695e-05 -7.2446058033328459e-06 -4.7637015830992446e-05
-1.5940463835515881e-05 6.8655730301944717e-06 -2.9782705755876382e-05
-2.4066942361455901e-05 3.2031475450292057e-05 -2.7706099293978159e-06
1.5200316887660538e-05 -2.6921179621986557e-05 -4.8093927149656449e-05
1.6650089320897898e-05 1.8078991570524838e-05 -4.4241690332527672e-05
-2.7852050964296385e-05 3.653596770822875e-05 -3.8233675590332306e-05
1.5621756930475443e-05 1.7854101336436945e-05 -6.6735332690678884e-05
4.9988996463079527e-07 -2.4390114636785309e-05 -3.2305940256063814e-05
8.7316980965645996e-06 1.928333528916637e-05 1.2624418233228574e-05
2.5169084570328404e-05 1.5377202498001452e-05 -3.8543785695205335e-06
-5.770490878947987e-05 6.7607268335601045e-06 6.9208669363496345e-07
-1.7296002793019266e-05 -5.0343541740521802e-06 -6.3368935733402757e-06
1.2101999586703672e-05 3.0333527572829616e-07 6.0697063295582498e-06
-2.1147872694888799e-05 3.0335623523752853e-05 6.5393304276677167e-05
-2.9002400043855875e-05 -1.4509104592648134e-05 -2.5277560824645169e-05
-8.5823970688097137e-07 1.3132453390396958e-05 -6.8342460307815184e-05
2.8320196710382439e-05 1.0805487297149696e-05 -3.0033426530254315e-05
2.460343998786016e-05 9.3020874083749039e-06 -4.2111780666036214e-05
1.5546296878641885e-05 2.3009554917593812e-05 -7.3620028604837184e-05
1.3402015189151184e-06 -6.187640934546268e-06 -2.9578849346179048e-05
-6.4155267999801562e-06 1.0246659016335118e-05 -5.4531727926447598e-05
-3.2197578425596785e-05 -1.020213764968414e-06 2.1937641777615064e-05
1.6853285083925091e-05 -1.28800094798105e-07 2.9065961708520268e-05
-2.9355167937783477e-05 3.1906182068441868e-05 -1.9837486284424166e-05
2.4962221989860423e-06 -2.707820114691839e-05 -5.7909664331594161e-05
