3.8108649574854214e-05 -2.2274023272914056e-05 -7.3146229121106698e-05
-1.8629139700080809e-05 1.0796549371046467e-05 3.5555500343634628e-05
-7.482982462910133e-07 8.9251405646986748e-07 6.6217796025548788e-06
-1.8621024901404584e-05 1.0696023097288114e-05 3.5877112587360139e-05
-1.0467896298541144e-06 1.5279371799389874e-07 4.5609156191788076e-06
3.8204223086339348e-05 -2.1856150544063979e-05 -7.3199872650003394e-05
-1.852724861907824e-05 1.0750887858410399e-05 3.5140539280894157e-05
-8.0291543257419648e-07 6.0731379818417669e-07 5.9669920478987344e-06
3.8096273445198392e-05 -2.2058098557264927e-05 -7.3254336976219091e-05
-1.852850954253731e-05 1.0659195409438299e-05 3.5853350848887456e-05
-5.5743695375880817e-07 2.0319835862623453e-07 5.5402506158115823e-06
3.7932123622352876e-05 -2.1843156063572344e-05 -7.3105652147853039e-05
-2.6491120619319126e-06 1.3289610471117763e-06 3.2768031724116683e-05
-5.4991930211870967e-06 -4.8605341024995636e-06 4.4436140881390883e-06
-1.6342785059567078e-05 9.2894198234052053e-06 1.6684871810631382e-05
-1.6224696650266512e-05 9.4626069404154731e-06 1.6815399940137751e-05
-2.8435506357737798e-06 1.8312956651250767e-06 3.2905826143546976e-05
4.8654364599720612e-07 7.7623781980298845e-06 2.6769710331545592e-06
-2.3618486246140347e-06 9.2538159327968869e-07 3.3481533306572216e-05
3.6408649166134809e-06 -3.2425684360037595e-06 3.1619678704567465e-06
-1.6194574880719174e-05 9.3714201153984045e-06 1.6711178833136216e-05
-2.1414020563533171e-06 1.6828212091851008e-06 3.2194362809966678e-05
-2.3596320564178334e-06 2.5133314777620085e-06 2.8414837249294243e-06
-1.6315223539633726e-05 9.3864774796887165e-06 1.6896731126055716e-05
