2.7664698401097532e-05 -1.6205915923411807e-05 0.00018746011926876194
2.7774676583658398e-05 -1.6535562879171906e-05 0.00018734601362505043
2.7849635950816243e-05 -1.661787060880382e-05 0.00018762512271791598
2.7449099734067062e-05 -1.6598386234911722e-05 0.00018746691745469279
3.3787941081947904e-06 -2.1830412010482182e-06 0.00013829888097882659
4.1844226705238107e-06 -2.1422758795797137e-06 0.00013724254551712722
4.4001945417315724e-06 -2.6113696576235412e-06 0.0001380249497777708
3.61380414151124e-06 -1.4282185454850271e-06 0.00013815679754732718
1.5264632253694788e-06 2.2271336255486052e-06 -6.6038958950784266e-05
2.8877597304485835e-06 -5.7036822510435521e-07 -6.5298878202224575e-05
1.1241379159594668e-06 4.8630391255230498e-07 -7.0641575344476681e-05
-4.7011899980548e-08 -6.2823416063784165e-07 -6.7157089210623244e-05
3.6189218396476849e-06 -1.3959431533572351e-06 0.00013823548519771578
2.8442514209242565e-06 -1.9186976688012614e-06 0.00014008605033049432
2.5071697580377405e-06 -1.4998807853742894e-06 0.00013742139903667044
3.1644325422858959e-06 -2.6368442342106224e-06 0.00013781468414238163
2.2298714850808995e-08 -7.9599474920449831e-07 -6.7201432159533225e-05
-1.1533899055271839e-06 6.5121331850321977e-08 -6.8441702047811193e-05
-2.1627361805470757e-06 -6.4834772989241785e-07 -6.0112557715069626e-05
-8.3740922269414817e-07 -1.0131394658407979e-06 -6.7074139366088414e-05
2.9428417651411465e-05 -1.6715817728885085e-05 0.00018581390089855709
2.9282963857367992e-05 -1.6533348008523907e-05 0.00018528486267657684
2.8892273741296104e-05 -1.6318940255555248e-05 0.00018622258013600845
2.9487494565716638e-05 -1.6507248442812841e-05 0.0001857381829883098
3.342627089570981e-06 -8.8973892957400734e-07 0.00014280031490265799
4.1880888576664721e-06 -9.1311922461841458e-07 0.00014138585460550523
3.5899069779379259e-06 -1.4575067904782453e-06 0.00014053622692243584
2.674739751255432e-06 -6.4076050342194973e-07 0.00014056738954371095
-7.750019627133603e-06 3.9500210087510144e-06 -6.9352168436828676e-05
-6.5405923296021711e-06 1.5417916915379335e-06 -6.9854179836500996e-05
-7.5657552594671218e-06 2.9020065216711632e-06 -6.8850736605237384e-05
-8.6683644999197007e-06 1.8877963116753493e-06 -6.1532606071612594e-05
3.2855041620854369e-05 -1.759234119286246e-05 0.00018643053494538098
3.2569639834001407e-05 -1.7592246637998521e-05 0.0001855874558536752
3.2649291285349945e-05 -1.7391607409378285e-05 0.00018616351099304262
3.2624977666890348e-05 -1.7730498788797952e-05 0.00018676368465983528
2.1992887302222232e-06 -1.9984439560218102e-06 0.00014193368608142465
3.118260003686583e-06 -3.3572131850345688e-06 0.00014241451744094469
2.9989365042401919e-06 -2.5350385615558737e-06 0.00014177515465596535
2.337465987079857e-06 -2.8266623078865294e-06 0.00014358055530053204
-4.8358318683622704e-06 5.3295989402893894e-06 -6.2828895827732323e-05
-3.496834079849318e-06 4.9480988536967745e-06 -7.0713114504128427e-05
-5.2643496406487589e-06 3.827313964868944e-06 -7.1225082244344429e-05
-6.2796230610453422e-06 4.7466990416519545e-06 -7.1411999161781481e-05
3.1347096495215609e-05 -1.9143156374135106e-05 0.00018678925122381229
3.1234428796374919e-05 -1.9147897080177678e-05 0.00018559865998318825
3.1052451696766958e-05 -1.9344429706580346e-05 0.00018627902640605543
3.1360633641064339e-05 -1.9440159302053228e-05 0.00018645293111488326
-1.5718147611754052e-05 8.7116556238830967e-06 -5.3919485603737272e-05
-1.5999462516472869e-05 8.7551448521572262e-06 -5.8739133894591955e-05
-1.5680864139255065e-05 9.0705382712311013e-06 -5.3682453933223684e-05
-1.5365638230618026e-05 8.9789969355269506e-06 -5.4495719393376357e-05
2.5237160726152306e-05 -3.100274297105016e-05 -1.4617407276984462e-05
2.4002407924994529e-05 -3.1783837781518276e-05 -1.5618721450838535e-05
2.3423998022386843e-05 -3.3450525870782331e-05 -7.8320267458964477e-06
2.2077082053004676e-05 -3.405108521885937e-05 -1.4441712361423775e-05
-1.0951006503392481e-05 5.2832239637553343e-06 -0.00014055900329386362
-9.9274456844887331e-06 5.3511586989053728e-06 -0.00013945432876646957
-9.3139963255934764e-06 4.8718530003028122e-06 -0.00014097249039377729
-1.0505734848340119e-05 6.4463495135251223e-06 -0.00014092381144018007
-9.0326224665392141e-06 6.2126441076944955e-06 -0.00013671681155333348
-1.0129694139129203e-05 6.3265412961061029e-06 -0.00013692277436586076
-1.0083048363029867e-05 6.4878786378841369e-06 -0.00013722175294724609
-9.3008925260637532e-06 5.7312627720993575e-06 -0.0001368864420787097
-1.4440651485617411e-05 9.6943274587027103e-06 -4.8873454178366416e-05
-1.4152343830576663e-05 8.8215312586889527e-06 -4.5610077409996563e-05
-1.5373783467276247e-05 8.4696140261741881e-06 -4.9393576382783522e-05
-1.580938050019053e-05 8.2221155472961271e-06 -4.9505809209371421e-05
6.9300345841191003e-05 -1.9143501005885544e-05 -1.4323279483474671e-05
6.885025523751696e-05 -2.0766222673405943e-05 -1.4564872070826906e-05
6.8248945488894128e-05 -2.0485945016581581e-05 -1.5890619068259504e-05
6.7581268290835446e-05 -2.1844705858642616e-05 -1.4274421202248311e-05
-1.4987008020683453e-05 1.0039262333075716e-05 -3.9494368432535509e-05
-1.4627565671676622e-05 9.8872282136841516e-06 -3.882550391337905e-05
-1.6145470845329375e-05 9.0522253708983291e-06 -3.8596402686247311e-05
-1.6421470237704052e-05 8.9506821440155093e-06 -4.4944493996255247e-05
-2.9611277410516459e-05 5.0741869841585893e-05 -7.2453007202988307e-06
-2.7710476299405967e-05 5.0120253361877337e-05 -1.4695667578612515e-05
-2.9195236185967574e-05 4.9581416700739817e-05 -1.3445078234364249e-05
-2.9773019405746705e-05 4.8594769386407777e-05 -1.3489216006135063e-05
-1.1297246421739361e-05 7.0873707842193222e-06 -0.00013871667596827841
-1.2517594660532705e-05 8.4424113899750353e-06 -0.00013850626827646706
-1.2821311086167234e-05 7.3833852727680279e-06 -0.00013922964371255314
-1.1346672464052077e-05 7.4879295179908212e-06 -0.00013824158619598487
-1.6498449399612023e-05 9.2758275181827705e-06 -4.7341820195612172e-05
-1.6452043808861674e-05 8.3066998454173202e-06 -4.1741920236759711e-05
-1.591180235801067e-05 9.2454211653864851e-06 -4.1609941621275487e-05
-1.6259074861901639e-05 8.8154883040800214e-06 -4.2969312588070352e-05
-7.2914597831734082e-05 1.1585180765101291e-05 -1.49336201852035e-05
-7.3077543667403745e-05 9.1500999889819164e-06 -1.5858378386801597e-05
-7.5238275579624862e-05 9.4363292348783288e-06 -1.4745965818380169e-05
-7.6277061792362488e-05 9.3123322125188146e-06 -8.0241234998723598e-06
-1.2540252502511642e-05 6.4340223808963303e-06 -0.00013782810244868104
-1.3938230626682751e-05 6.7000320817338626e-06 -0.0001382586826023241
-1.3264980813210625e-05 7.6091842797776366e-06 -0.00013915168326678745
-1.2172395402633234e-05 6.1485601242639021e-06 -0.00013891470940100015
